3 0.641807 0.580338 0.419240 0.749880
1 0.624107 0.553838 0.287318 0.459917
0 0.626380 0.567019 0.232344 0.379852
2 0.716849 0.446704 0.040990 0.065815
2 0.734440 0.522681 0.042266 0.047769
2 0.744964 0.612495 0.046740 0.035194
2 0.724323 0.676481 0.044802 0.059130
2 0.693078 0.731093 0.029427 0.064537
2 0.656557 0.769250 0.012260 0.081130
2 0.585466 0.732782 0.022911 0.055361
2 0.555583 0.704537 0.026479 0.062222
2 0.530276 0.645477 0.041427 0.029194
2 0.517346 0.582319 0.042964 0.023509
2 0.524044 0.497255 0.037849 0.056231
2 0.550255 0.434231 0.038656 0.069315
2 0.583992 0.391560 0.019099 0.071324
2 0.636367 0.380116 0.008203 0.072380
2 0.676784 0.401676 0.016328 0.073796
2 0.615240 0.754787 0.012260 0.067278
