3 0.601677 0.607727 0.417552 0.750472
1 0.580229 0.575481 0.283896 0.465852
0 0.578732 0.598690 0.231432 0.378065
2 0.689063 0.545611 0.039854 0.050333
2 0.638281 0.737134 0.010937 0.026843
2 0.610641 0.798444 0.010042 0.092278
2 0.483568 0.669949 0.047448 0.031213
2 0.472693 0.604949 0.044656 0.020287
2 0.482234 0.519009 0.034052 0.060241
2 0.507474 0.458306 0.034948 0.071759
2 0.543461 0.433315 0.012234 0.029778
2 0.630482 0.437361 0.017370 0.054167
2 0.569544 0.792435 0.011047 0.079519
2 0.533443 0.777269 0.026719 0.077278
2 0.508951 0.733431 0.030276 0.069991
2 0.670115 0.469287 0.039062 0.069889
2 0.589320 0.426648 0.006984 0.028185
