3 0.609880 0.605931 0.417552 0.750546
1 0.582914 0.599981 0.283901 0.465852
0 0.590070 0.598389 0.227047 0.381185
2 0.698935 0.545843 0.041089 0.048167
2 0.694651 0.626565 0.018479 0.009944
2 0.687089 0.698551 0.040615 0.051417
2 0.660008 0.761023 0.033943 0.072028
2 0.619648 0.798120 0.010036 0.092278
2 0.493188 0.669569 0.044813 0.027343
2 0.481422 0.604968 0.045552 0.018769
2 0.492297 0.520569 0.032281 0.058676
2 0.516656 0.455972 0.034948 0.071759
2 0.551208 0.416986 0.016146 0.069935
2 0.601146 0.422074 0.007708 0.043593
2 0.641260 0.435273 0.014979 0.065176
2 0.577849 0.790880 0.011052 0.079519
2 0.543932 0.775713 0.026719 0.077278
2 0.517914 0.732282 0.028953 0.070806
2 0.680073 0.471523 0.036938 0.064528
