3 0.624086 0.594384 0.417203 0.747787
1 0.609401 0.574657 0.290469 0.465315
0 0.610234 0.584583 0.227604 0.383056
2 0.614117 0.395315 0.009411 0.070130
2 0.655711 0.418667 0.017474 0.071259
2 0.695492 0.459736 0.039391 0.067454
2 0.712526 0.537412 0.039323 0.049509
2 0.720633 0.621995 0.041870 0.025361
2 0.702518 0.687398 0.041901 0.052870
2 0.672615 0.746907 0.030604 0.061556
2 0.635000 0.788634 0.009448 0.080509
2 0.592813 0.780662 0.011229 0.073435
2 0.558349 0.765912 0.028260 0.074843
2 0.534227 0.718917 0.026203 0.063370
2 0.511112 0.661417 0.036818 0.024704
2 0.497115 0.597176 0.042656 0.020796
2 0.505005 0.514199 0.032000 0.050491
2 0.529938 0.453546 0.033667 0.061833
2 0.562711 0.408565 0.017495 0.069352
