3 0.633346 0.610931 0.411984 0.737194
1 0.614862 0.580838 0.282891 0.454435
0 0.615547 0.605574 0.230208 0.375704
2 0.574052 0.433296 0.017458 0.063981
2 0.626266 0.416208 0.008563 0.071120
2 0.665794 0.440005 0.016630 0.070935
2 0.706971 0.476495 0.042307 0.068176
2 0.725534 0.553704 0.042161 0.050741
2 0.734591 0.640569 0.043109 0.029046
2 0.717057 0.707667 0.044375 0.054000
2 0.688042 0.766537 0.032510 0.065148
2 0.649865 0.804574 0.010156 0.083259
2 0.606969 0.810981 0.010698 0.092463
2 0.577151 0.780130 0.016854 0.054000
2 0.550471 0.738708 0.021922 0.051676
2 0.519974 0.689861 0.045208 0.032111
2 0.509117 0.625009 0.041776 0.020907
2 0.516784 0.540537 0.035005 0.048778
2 0.543865 0.479829 0.030448 0.058380
