3 0.635779 0.610218 0.412495 0.739824
1 0.618909 0.600065 0.285995 0.498315
0 0.619846 0.599875 0.227328 0.379694
2 0.578737 0.430444 0.015339 0.060778
2 0.628776 0.412676 0.007135 0.069241
2 0.669198 0.435218 0.017021 0.071546
2 0.709906 0.471273 0.040646 0.067824
2 0.728151 0.548782 0.040885 0.050343
2 0.740646 0.638787 0.051760 0.031611
2 0.720477 0.703185 0.046172 0.054000
2 0.690018 0.761463 0.032151 0.066519
2 0.651906 0.801782 0.010156 0.085139
2 0.610021 0.795602 0.010333 0.077148
2 0.581284 0.771843 0.014339 0.051500
2 0.552964 0.732662 0.021948 0.047213
2 0.523568 0.682185 0.042344 0.032111
2 0.511646 0.620208 0.040312 0.024102
2 0.521651 0.536389 0.030344 0.048167
2 0.547292 0.475690 0.029375 0.055176
