3 0.597099 0.614704 0.417552 0.754111
1 0.579693 0.596014 0.286896 0.503639
0 0.580383 0.608412 0.225630 0.387880
2 0.472044 0.615380 0.042630 0.018315
2 0.480937 0.532269 0.031354 0.054352
2 0.629896 0.437130 0.018854 0.075370
2 0.568995 0.809931 0.011740 0.092917
2 0.533622 0.790366 0.026630 0.081306
2 0.507359 0.743505 0.030656 0.069287
2 0.505880 0.468056 0.033750 0.073148
2 0.589401 0.410972 0.007969 0.075463
2 0.608703 0.812458 0.009344 0.094194
2 0.670164 0.476810 0.044682 0.074528
2 0.537135 0.419167 0.020417 0.082593
2 0.695680 0.545306 0.023547 0.027907
2 0.649086 0.771468 0.035370 0.077991
2 0.676578 0.709338 0.041531 0.053176
2 0.483255 0.682463 0.044115 0.028037
