3 0.625346 0.600116 0.415516 0.751231
1 0.605336 0.578343 0.283901 0.483778
0 0.609646 0.587306 0.229104 0.380926
2 0.698927 0.460593 0.040802 0.066685
2 0.717375 0.534796 0.044937 0.054519
2 0.729263 0.625875 0.053797 0.037324
2 0.706122 0.690069 0.046443 0.058898
2 0.677273 0.752199 0.033078 0.073009
2 0.637930 0.784824 0.008932 0.076704
2 0.511305 0.664116 0.046036 0.030861
2 0.494906 0.601486 0.044073 0.021491
2 0.509297 0.514963 0.033854 0.057037
2 0.533393 0.452704 0.036547 0.073056
2 0.568453 0.411787 0.020115 0.072574
2 0.618312 0.398495 0.008427 0.074954
2 0.657951 0.421444 0.017130 0.078519
2 0.597096 0.786412 0.013932 0.093454
2 0.562943 0.769273 0.024156 0.081324
2 0.536794 0.724759 0.028516 0.065611
