3 0.663940 0.575815 0.417203 0.736130
1 0.647737 0.552870 0.285057 0.474815
0 0.651682 0.566403 0.233406 0.356083
2 0.606784 0.385593 0.019349 0.066037
2 0.658112 0.370440 0.005807 0.068935
2 0.697828 0.395343 0.016292 0.074574
2 0.739815 0.433139 0.041026 0.068130
2 0.759279 0.502824 0.043109 0.059907
2 0.765417 0.594528 0.038542 0.029093
2 0.747234 0.659644 0.043542 0.055213
2 0.720008 0.716745 0.031026 0.067065
2 0.681706 0.758685 0.011224 0.089537
2 0.640742 0.737838 0.010130 0.051176
2 0.614721 0.713500 0.008682 0.021815
2 0.588659 0.675208 0.009557 0.023750
2 0.552536 0.638639 0.047365 0.035315
2 0.539831 0.575005 0.045026 0.025380
2 0.549995 0.492014 0.031365 0.045787
2 0.575443 0.432093 0.030469 0.056185
2 0.597034 0.764546 0.008682 0.014241
2 0.575031 0.710810 0.008083 0.022454
