3 0.607966 0.591199 0.417203 0.747787
1 0.588812 0.561139 0.285083 0.454204
0 0.595901 0.585505 0.227604 0.381769
2 0.600385 0.395931 0.009406 0.070139
2 0.639219 0.420051 0.014896 0.071269
2 0.679253 0.461273 0.039391 0.067454
2 0.696607 0.537167 0.041026 0.047185
2 0.706237 0.622894 0.041870 0.025361
2 0.686539 0.686630 0.041901 0.052870
2 0.657719 0.749963 0.030188 0.067667
2 0.621612 0.788634 0.009453 0.086639
2 0.578560 0.784509 0.011224 0.081130
2 0.543240 0.768995 0.028250 0.073343
2 0.519977 0.722759 0.026203 0.063370
2 0.496430 0.662185 0.036818 0.024704
2 0.480271 0.598713 0.042656 0.020796
2 0.490094 0.516144 0.032000 0.050491
2 0.517276 0.455810 0.030656 0.058009
2 0.548268 0.408565 0.017495 0.069352
