3 0.640862 0.619398 0.416151 0.739815
1 0.624047 0.616870 0.294219 0.501111
0 0.625234 0.612361 0.223594 0.381815
2 0.579859 0.438917 0.018615 0.070500
2 0.630958 0.423139 0.007437 0.067444
2 0.672164 0.445056 0.014193 0.070241
2 0.712719 0.481620 0.039146 0.068241
2 0.729810 0.559806 0.038609 0.049426
2 0.742370 0.648079 0.045885 0.029324
2 0.723320 0.713491 0.046172 0.051167
2 0.695466 0.776088 0.033651 0.070787
2 0.655430 0.814028 0.009453 0.086019
2 0.614810 0.808699 0.008203 0.076306
2 0.582219 0.791704 0.018896 0.065074
2 0.551185 0.755213 0.034818 0.073019
2 0.525156 0.695931 0.042604 0.032046
2 0.514641 0.629949 0.042927 0.023435
2 0.524047 0.548255 0.031385 0.046454
2 0.549818 0.486528 0.031615 0.059167
