3 0.665003 0.608681 0.418745 0.731157
1 0.651651 0.597435 0.290469 0.473648
0 0.652818 0.603199 0.227604 0.381417
2 0.660195 0.413208 0.006172 0.072417
2 0.700555 0.437606 0.017474 0.071269
2 0.741732 0.475324 0.039391 0.067463
2 0.760984 0.553051 0.039323 0.048620
2 0.769990 0.638569 0.039188 0.025361
2 0.752125 0.705750 0.040646 0.050185
2 0.724063 0.766111 0.034687 0.072222
2 0.685565 0.805685 0.012057 0.078222
2 0.643370 0.800713 0.011229 0.077093
2 0.611396 0.781380 0.022104 0.065352
2 0.587711 0.732935 0.019276 0.048019
2 0.562630 0.674713 0.029010 0.013537
2 0.543958 0.616810 0.042021 0.020787
2 0.552755 0.535551 0.031260 0.049083
2 0.579461 0.476370 0.026630 0.056444
2 0.608956 0.429204 0.017474 0.065074
