3 0.609880 0.607315 0.417552 0.747778
1 0.585013 0.591593 0.283901 0.465852
0 0.589023 0.610060 0.227047 0.374694
2 0.697104 0.552852 0.039854 0.050333
2 0.695562 0.632500 0.018479 0.009944
2 0.680573 0.693986 0.030625 0.037954
2 0.659260 0.766667 0.033667 0.070370
2 0.620255 0.806213 0.010042 0.092278
2 0.494063 0.674236 0.044812 0.027343
2 0.481422 0.610403 0.045552 0.018769
2 0.491859 0.526009 0.032281 0.058667
2 0.517969 0.465296 0.034948 0.071759
2 0.552729 0.424380 0.016604 0.076907
2 0.600271 0.438764 0.007708 0.039750
2 0.639729 0.449634 0.013667 0.048898
2 0.579159 0.792435 0.011047 0.079519
2 0.543932 0.781148 0.026719 0.077278
2 0.518789 0.736949 0.028953 0.070806
2 0.680833 0.475315 0.039062 0.069889
