3 0.597979 0.629366 0.414750 0.741269
1 0.578607 0.626787 0.288495 0.498037
0 0.580555 0.632130 0.225630 0.384352
2 0.470789 0.640009 0.043047 0.021315
2 0.479479 0.554583 0.031760 0.057667
2 0.628117 0.458204 0.016891 0.079648
2 0.566432 0.826389 0.013906 0.081296
2 0.543062 0.787093 0.012958 0.039889
2 0.508206 0.767847 0.028870 0.069231
2 0.503216 0.491829 0.036422 0.073324
2 0.587544 0.437208 0.006682 0.071824
2 0.609979 0.833125 0.010375 0.087546
2 0.667958 0.501843 0.041229 0.074093
2 0.535622 0.443241 0.021016 0.080037
2 0.683987 0.579995 0.037766 0.050565
2 0.646727 0.794125 0.032016 0.071009
2 0.678490 0.733583 0.045792 0.054370
2 0.481641 0.705301 0.048958 0.030546
2 0.702083 0.674019 0.057250 0.039556
