3 0.598010 0.625269 0.417552 0.749463
1 0.579062 0.610106 0.286896 0.503639
0 0.581643 0.616241 0.225630 0.387870
2 0.473057 0.629769 0.042635 0.018315
2 0.482393 0.545866 0.031349 0.054343
2 0.630771 0.451759 0.018854 0.075370
2 0.568385 0.821264 0.011740 0.092917
2 0.539701 0.787000 0.013464 0.044889
2 0.507750 0.760370 0.029875 0.073333
2 0.504367 0.481282 0.036786 0.072620
2 0.589766 0.426509 0.007969 0.075463
2 0.609917 0.823542 0.009344 0.088287
2 0.671911 0.490792 0.044687 0.074528
2 0.538411 0.435690 0.017865 0.075454
2 0.688039 0.568611 0.042359 0.052778
2 0.649380 0.783060 0.033531 0.072028
2 0.678401 0.722829 0.041531 0.053176
2 0.483760 0.695500 0.044115 0.028037
2 0.699948 0.660815 0.051542 0.034907
