3 0.594583 0.609417 0.417552 0.752500
1 0.572539 0.585866 0.286901 0.503639
0 0.579591 0.597699 0.231391 0.392565
2 0.480352 0.674296 0.044245 0.027148
2 0.468661 0.611167 0.039927 0.018963
2 0.475505 0.521310 0.009958 0.019343
2 0.626971 0.420273 0.013005 0.050750
2 0.565000 0.794856 0.014896 0.093806
2 0.529073 0.785454 0.027833 0.087241
2 0.502836 0.738634 0.031818 0.072917
2 0.492992 0.444870 0.025464 0.051963
2 0.585568 0.390875 0.006885 0.037880
2 0.604115 0.764801 0.006896 0.021880
2 0.672318 0.460931 0.031198 0.050546
2 0.532630 0.408472 0.017760 0.068981
