3 0.605026 0.623514 0.416615 0.747602
1 0.588148 0.606954 0.288495 0.498037
0 0.588987 0.614005 0.225630 0.387880
2 0.480141 0.625324 0.041948 0.020648
2 0.488445 0.540884 0.033557 0.053806
2 0.638339 0.443995 0.016656 0.075528
2 0.576464 0.815458 0.012990 0.091565
2 0.542552 0.798509 0.022500 0.079648
2 0.516109 0.753454 0.028156 0.069204
2 0.512768 0.479097 0.036786 0.072620
2 0.597833 0.421116 0.007229 0.071843
2 0.617302 0.815935 0.009344 0.081537
2 0.679443 0.486296 0.044344 0.076296
2 0.544839 0.421435 0.020427 0.096019
2 0.695888 0.563856 0.043016 0.052343
2 0.658107 0.780421 0.034411 0.072306
2 0.686685 0.719157 0.044964 0.056130
2 0.490648 0.692671 0.046609 0.030769
2 0.707674 0.656139 0.057672 0.036426
