3 0.636104 0.571481 0.415510 0.749222
1 0.622049 0.538097 0.288880 0.462546
0 0.620190 0.572579 0.230661 0.382824
2 0.711724 0.432463 0.038854 0.060759
2 0.730206 0.507319 0.041495 0.046769
2 0.742294 0.596343 0.052359 0.037796
2 0.718458 0.656898 0.043344 0.057685
2 0.688607 0.715185 0.027839 0.064259
2 0.650966 0.746954 0.009505 0.071870
2 0.551370 0.683778 0.025344 0.060593
2 0.525883 0.627958 0.041557 0.027139
2 0.511573 0.564528 0.044812 0.024370
2 0.522602 0.479319 0.033141 0.057287
2 0.548898 0.419736 0.033047 0.064120
2 0.581391 0.374926 0.017500 0.067407
2 0.633190 0.363894 0.007005 0.070324
2 0.672932 0.387588 0.016729 0.076139
2 0.611469 0.733292 0.009542 0.052028
2 0.580909 0.715324 0.015411 0.043241
