3 0.654831 0.559028 0.415516 0.736389
1 0.638138 0.518880 0.288880 0.462556
0 0.641065 0.531204 0.230682 0.372778
2 0.731872 0.413713 0.038859 0.060759
2 0.749148 0.487014 0.041495 0.046769
2 0.760115 0.576616 0.046542 0.037139
2 0.740216 0.641255 0.043943 0.061565
2 0.709659 0.700005 0.033089 0.074676
2 0.672846 0.727398 0.010557 0.071870
2 0.572461 0.664542 0.025443 0.059306
2 0.544021 0.610213 0.042938 0.031056
2 0.530260 0.545306 0.045104 0.024389
2 0.540633 0.461167 0.036130 0.052111
2 0.566195 0.401380 0.037818 0.065389
2 0.599352 0.357741 0.019422 0.069333
2 0.653031 0.346435 0.008750 0.070315
2 0.692531 0.372991 0.017813 0.070926
2 0.635367 0.702051 0.006766 0.034972
2 0.598495 0.705130 0.022073 0.061000
