3 0.595844 0.610537 0.417552 0.752500
1 0.575161 0.593329 0.286896 0.503639
0 0.577237 0.603745 0.225630 0.387880
2 0.468219 0.612787 0.040813 0.022204
2 0.477469 0.528037 0.033917 0.057630
2 0.626786 0.434208 0.015552 0.074731
2 0.565596 0.803236 0.010672 0.085750
2 0.529979 0.788421 0.026625 0.081306
2 0.502990 0.746745 0.024833 0.058917
2 0.502237 0.464833 0.036672 0.075704
2 0.587031 0.409667 0.007604 0.074185
2 0.605641 0.810130 0.009344 0.094185
2 0.668854 0.472921 0.044687 0.074528
2 0.535677 0.418519 0.018958 0.082593
2 0.683435 0.553866 0.041047 0.051250
2 0.679422 0.633204 0.019906 0.013037
2 0.640133 0.757495 0.023589 0.053157
