3 0.634552 0.592968 0.415510 0.749213
1 0.615878 0.579324 0.287099 0.483778
0 0.620818 0.579810 0.229406 0.386861
2 0.709505 0.459148 0.039219 0.064037
2 0.726505 0.534088 0.040635 0.049102
2 0.740331 0.624278 0.052359 0.037796
2 0.716893 0.687787 0.043120 0.058426
2 0.689070 0.750046 0.033130 0.075537
2 0.648776 0.779699 0.008458 0.076343
2 0.547557 0.720995 0.029698 0.066528
2 0.525440 0.658495 0.041693 0.026343
2 0.509742 0.595486 0.046464 0.021065
2 0.520510 0.513685 0.032219 0.053278
2 0.544591 0.447926 0.034984 0.067481
2 0.577211 0.404968 0.021516 0.071546
2 0.629036 0.393731 0.008427 0.072722
2 0.668784 0.416278 0.016724 0.073074
2 0.609763 0.778222 0.008276 0.082074
2 0.574701 0.758005 0.020859 0.062324
