3 0.631578 0.588907 0.415510 0.749222
1 0.618656 0.563569 0.288875 0.462546
0 0.616857 0.575338 0.231286 0.382843
2 0.704961 0.453801 0.038859 0.060769
2 0.723878 0.529824 0.041495 0.046778
2 0.736839 0.619620 0.052365 0.037796
2 0.713112 0.679398 0.041380 0.053796
2 0.680289 0.733602 0.022547 0.052981
2 0.645279 0.768778 0.010557 0.071870
2 0.545690 0.709630 0.023672 0.061111
2 0.519435 0.652333 0.042932 0.027926
2 0.506271 0.588773 0.044208 0.025972
2 0.516620 0.503843 0.031781 0.056759
2 0.541099 0.439801 0.035635 0.069231
2 0.574643 0.395662 0.018557 0.071694
2 0.625768 0.386523 0.007318 0.070324
2 0.666167 0.408532 0.016729 0.076139
2 0.605708 0.758616 0.009542 0.052028
2 0.574617 0.747644 0.018297 0.061009
