3 0.624227 0.601116 0.415516 0.751231
1 0.603799 0.572361 0.283901 0.483778
0 0.603974 0.584134 0.230281 0.374139
2 0.696089 0.463514 0.040802 0.063546
2 0.713758 0.537301 0.041130 0.046454
2 0.726659 0.629019 0.053557 0.038444
2 0.702466 0.690764 0.042568 0.058843
2 0.675938 0.751968 0.033969 0.073750
2 0.636977 0.772097 0.012005 0.053176
2 0.506914 0.664449 0.047974 0.034583
2 0.496169 0.597306 0.046495 0.023148
2 0.504526 0.511843 0.036094 0.058389
2 0.531065 0.449644 0.036547 0.073046
2 0.564156 0.405801 0.020115 0.072583
2 0.617216 0.396907 0.008422 0.069537
2 0.657810 0.419204 0.019870 0.076204
2 0.594958 0.782463 0.010312 0.081519
2 0.560544 0.769444 0.023193 0.077759
2 0.532826 0.725292 0.030109 0.071231
