3 0.643094 0.618681 0.416615 0.747602
1 0.625310 0.603731 0.288495 0.498037
0 0.623732 0.606630 0.225630 0.386556
2 0.518560 0.625648 0.044516 0.026481
2 0.526690 0.540884 0.033557 0.053806
2 0.674206 0.438477 0.015547 0.077509
2 0.616326 0.807069 0.012995 0.091565
2 0.587128 0.781727 0.018318 0.059139
2 0.558443 0.748444 0.028865 0.069222
2 0.548635 0.474884 0.039354 0.069398
2 0.633888 0.417227 0.006495 0.071843
2 0.657680 0.808009 0.010370 0.086204
2 0.717208 0.475097 0.042250 0.076306
2 0.581258 0.427917 0.021161 0.077870
2 0.733388 0.554519 0.042495 0.052370
2 0.696654 0.769227 0.034922 0.072287
2 0.726276 0.707491 0.046510 0.058907
2 0.530161 0.690407 0.044802 0.036593
2 0.748315 0.644940 0.055036 0.038269
