3 0.621964 0.570278 0.415510 0.751241
1 0.601987 0.536968 0.283901 0.483769
0 0.603187 0.534801 0.232896 0.364843
2 0.694206 0.417704 0.040797 0.063537
2 0.713133 0.491486 0.039880 0.050935
2 0.726031 0.580972 0.053552 0.038444
2 0.701211 0.640486 0.042568 0.058843
2 0.675927 0.706718 0.040229 0.081565
2 0.631622 0.711204 0.008839 0.038704
2 0.505029 0.620875 0.047974 0.034583
2 0.493974 0.553713 0.047115 0.025352
2 0.502641 0.467157 0.036094 0.058389
2 0.529180 0.402718 0.036547 0.073046
2 0.563526 0.356639 0.020115 0.072574
2 0.614703 0.348870 0.008427 0.069537
2 0.655924 0.373389 0.019870 0.076204
2 0.592138 0.733866 0.013443 0.082639
2 0.558031 0.720287 0.023198 0.077759
2 0.531568 0.675014 0.030104 0.071231
