3 0.644885 0.609801 0.415510 0.748546
1 0.625536 0.587907 0.283896 0.483778
0 0.628258 0.604968 0.228901 0.384509
2 0.718612 0.470569 0.039557 0.069157
2 0.736951 0.546491 0.042380 0.057241
2 0.746315 0.634833 0.045391 0.029222
2 0.725370 0.699569 0.044052 0.056046
2 0.698982 0.760181 0.030995 0.064083
2 0.662151 0.801440 0.012219 0.087694
2 0.533703 0.684269 0.045229 0.034370
2 0.517740 0.617963 0.047563 0.024556
2 0.528312 0.535153 0.034521 0.056546
2 0.552068 0.469843 0.035969 0.064204
2 0.585888 0.428662 0.017911 0.061565
2 0.635927 0.409509 0.008250 0.072093
2 0.676424 0.432287 0.016526 0.074019
2 0.620078 0.803773 0.012448 0.088380
2 0.585169 0.784505 0.027630 0.079324
2 0.555180 0.744926 0.036401 0.069407
