3 0.635211 0.593037 0.417203 0.747778
1 0.615581 0.579745 0.290474 0.473657
0 0.615505 0.587278 0.227604 0.381407
2 0.627263 0.395931 0.009411 0.072417
2 0.667805 0.420968 0.017474 0.071269
2 0.706461 0.461889 0.039391 0.067463
2 0.723495 0.540472 0.039323 0.048611
2 0.733479 0.627477 0.041865 0.025361
2 0.713258 0.692315 0.039214 0.050185
2 0.683875 0.751315 0.027875 0.065148
2 0.647049 0.787940 0.009453 0.080509
2 0.604932 0.783069 0.011229 0.074046
2 0.572302 0.767556 0.022521 0.073037
2 0.545815 0.723722 0.026203 0.063370
2 0.521479 0.662634 0.036812 0.024694
2 0.508115 0.600685 0.042021 0.020796
2 0.516445 0.514463 0.033620 0.055963
2 0.545565 0.459833 0.029047 0.059667
2 0.577646 0.415125 0.017479 0.065065
