3 0.647648 0.598236 0.411984 0.736120
1 0.635385 0.581097 0.282896 0.467194
0 0.635859 0.587241 0.229219 0.374407
2 0.590266 0.417292 0.018219 0.066528
2 0.642648 0.400880 0.006026 0.068611
2 0.683047 0.423898 0.016302 0.072241
2 0.724685 0.460755 0.039786 0.068176
2 0.742266 0.534843 0.038906 0.051352
2 0.754734 0.622657 0.046688 0.029037
2 0.734867 0.688139 0.043286 0.052056
2 0.708190 0.753111 0.034661 0.071556
2 0.668943 0.794079 0.010156 0.093380
2 0.626685 0.790917 0.010380 0.086037
2 0.596763 0.760954 0.015089 0.048833
2 0.568826 0.721440 0.018276 0.043972
2 0.536888 0.672245 0.048078 0.030231
2 0.526391 0.607093 0.041771 0.020907
2 0.536401 0.524537 0.031052 0.053889
2 0.558612 0.462259 0.034026 0.064185
