3 0.640185 0.599690 0.417203 0.747787
1 0.620802 0.579745 0.290469 0.473657
0 0.622674 0.593810 0.227599 0.377565
2 0.631151 0.403611 0.009406 0.072407
2 0.670393 0.429412 0.017474 0.071269
2 0.712076 0.468028 0.039391 0.067463
2 0.729109 0.544306 0.039323 0.048611
2 0.736180 0.631208 0.041870 0.025361
2 0.719102 0.698454 0.041901 0.052870
2 0.689198 0.753356 0.030604 0.061546
2 0.650549 0.794162 0.009453 0.080509
2 0.610432 0.792181 0.011229 0.078046
2 0.574932 0.775125 0.028260 0.074843
2 0.550812 0.729056 0.026198 0.063370
2 0.527177 0.670630 0.036812 0.024704
2 0.511115 0.606019 0.042021 0.020796
2 0.521185 0.521917 0.034505 0.054870
2 0.543609 0.458495 0.039865 0.076157
2 0.577638 0.412986 0.017495 0.069343
