3 0.645484 0.607037 0.417552 0.746481
1 0.624781 0.594264 0.286896 0.498046
0 0.625547 0.601333 0.231406 0.386037
2 0.530479 0.683199 0.044917 0.034528
2 0.519622 0.618171 0.042891 0.028102
2 0.525646 0.535111 0.034729 0.050593
2 0.633984 0.412949 0.006719 0.069843
2 0.618305 0.805227 0.012547 0.099639
2 0.582070 0.785532 0.032161 0.081528
2 0.554633 0.745903 0.039474 0.075602
2 0.716180 0.473292 0.040870 0.070472
2 0.549961 0.470407 0.037214 0.067111
2 0.582164 0.422602 0.020891 0.074833
2 0.735203 0.545102 0.046156 0.058352
2 0.748427 0.637069 0.055229 0.039565
2 0.728773 0.703551 0.047661 0.059750
2 0.693672 0.751894 0.028802 0.053065
2 0.660794 0.802222 0.015182 0.087963
2 0.675060 0.433060 0.016755 0.071306
