3 0.622760 0.580963 0.415510 0.751241
1 0.602320 0.550000 0.283901 0.483778
0 0.608703 0.555458 0.221938 0.372194
2 0.696833 0.432394 0.040802 0.066694
2 0.714083 0.508722 0.044937 0.054519
2 0.727768 0.598727 0.055599 0.040491
2 0.703872 0.661616 0.047328 0.057324
2 0.674880 0.722403 0.033083 0.073009
2 0.632232 0.739602 0.004745 0.049037
2 0.506362 0.636722 0.048745 0.031407
2 0.497148 0.570898 0.044984 0.023093
2 0.506003 0.485708 0.035651 0.058120
2 0.531299 0.422912 0.036547 0.073046
2 0.566063 0.380931 0.020115 0.072583
2 0.617117 0.369764 0.008422 0.074954
2 0.656904 0.393250 0.018630 0.078519
2 0.592755 0.752102 0.013042 0.080167
2 0.559346 0.739755 0.024766 0.079731
2 0.533198 0.693375 0.029719 0.064565
