3 0.630635 0.594213 0.415510 0.745296
1 0.616120 0.571394 0.285104 0.462546
0 0.616224 0.583167 0.227552 0.378296
2 0.705638 0.459926 0.039974 0.065963
2 0.721956 0.537037 0.040568 0.048889
2 0.746669 0.610477 0.048224 0.034102
2 0.734815 0.628287 0.051203 0.039722
2 0.712331 0.690148 0.041589 0.055815
2 0.684451 0.753727 0.033286 0.077546
2 0.574885 0.744384 0.016958 0.038824
2 0.545378 0.719213 0.026068 0.060648
2 0.517977 0.660028 0.044078 0.030130
2 0.506823 0.594579 0.041979 0.020472
2 0.514109 0.508921 0.036677 0.056417
2 0.539667 0.447796 0.037229 0.069963
2 0.625469 0.395000 0.006979 0.066481
2 0.666406 0.417500 0.017812 0.070926
2 0.644711 0.789731 0.008599 0.085537
2 0.603948 0.771625 0.008729 0.065454
2 0.573615 0.405065 0.019021 0.069685
