3 0.642057 0.593458 0.415510 0.751231
1 0.626133 0.573148 0.287661 0.483778
0 0.628453 0.577676 0.234479 0.387463
2 0.717990 0.452157 0.040802 0.066685
2 0.735255 0.531069 0.044937 0.054528
2 0.744549 0.620583 0.052359 0.037796
2 0.724401 0.682829 0.046000 0.059676
2 0.695667 0.744130 0.033083 0.073000
2 0.655997 0.783616 0.011026 0.090546
2 0.566328 0.690495 0.009427 0.017157
2 0.532141 0.653931 0.041063 0.029324
2 0.509039 0.599139 0.044474 0.021889
2 0.527862 0.509954 0.032234 0.050648
2 0.551828 0.443227 0.036542 0.071231
2 0.584526 0.400398 0.020115 0.072574
2 0.636612 0.389398 0.008422 0.072722
2 0.677536 0.411148 0.018479 0.078519
2 0.615979 0.757162 0.012281 0.046417
2 0.590211 0.728662 0.009484 0.021750
2 0.573753 0.782944 0.009901 0.024111
2 0.549961 0.727810 0.013776 0.030306
