3 0.599865 0.631042 0.414750 0.737917
1 0.581247 0.621639 0.288495 0.498037
0 0.580930 0.630676 0.225630 0.389889
2 0.472669 0.639898 0.043047 0.021315
2 0.482758 0.555019 0.031766 0.057667
2 0.630352 0.457907 0.015859 0.079648
2 0.571695 0.809981 0.008276 0.045519
2 0.537339 0.815852 0.023531 0.080519
2 0.509844 0.769144 0.028865 0.069231
2 0.506737 0.492259 0.036422 0.073333
2 0.590484 0.437736 0.006490 0.071843
2 0.612513 0.833278 0.010370 0.087519
2 0.670854 0.499315 0.042250 0.076315
2 0.539203 0.444644 0.021010 0.080028
2 0.687974 0.578935 0.041562 0.048944
2 0.651492 0.796111 0.034203 0.074259
2 0.679839 0.734755 0.045427 0.056972
2 0.483281 0.705838 0.048958 0.030546
2 0.703378 0.671491 0.055047 0.036981
