3 0.622115 0.576176 0.415510 0.751241
1 0.601565 0.542912 0.283901 0.483769
0 0.608466 0.547495 0.220151 0.370009
2 0.696307 0.425343 0.040802 0.066685
2 0.713258 0.502208 0.044932 0.054528
2 0.727396 0.591940 0.056052 0.041287
2 0.703310 0.654500 0.047547 0.056926
2 0.674281 0.714954 0.033083 0.073000
2 0.630807 0.728292 0.003698 0.042120
2 0.505125 0.629875 0.049417 0.031546
2 0.497708 0.563250 0.045208 0.023500
2 0.505180 0.478398 0.036099 0.058389
2 0.530773 0.415463 0.036547 0.073056
2 0.565464 0.373213 0.020115 0.072574
2 0.616815 0.362588 0.008422 0.074954
2 0.656643 0.386199 0.019005 0.078509
2 0.591669 0.743523 0.012818 0.076843
2 0.558448 0.732370 0.024917 0.079333
2 0.532299 0.685532 0.030016 0.064306
