3 0.642630 0.589102 0.416510 0.751093
1 0.626409 0.581069 0.286464 0.473657
0 0.626474 0.580958 0.226854 0.379380
2 0.677430 0.415486 0.017016 0.074306
2 0.717102 0.459403 0.039995 0.063194
2 0.736133 0.534185 0.041870 0.045963
2 0.744234 0.621657 0.041958 0.026426
2 0.724146 0.683926 0.040958 0.049870
2 0.693268 0.744287 0.026849 0.064056
2 0.658185 0.776671 0.009078 0.066343
2 0.617578 0.765537 0.007865 0.051519
2 0.584823 0.761042 0.019958 0.072546
2 0.557544 0.715477 0.025401 0.060528
2 0.533563 0.657852 0.039583 0.025278
2 0.518922 0.594324 0.039823 0.020981
2 0.527964 0.507704 0.034281 0.057185
2 0.553771 0.447833 0.032146 0.066000
2 0.588003 0.406778 0.016599 0.063852
2 0.638253 0.390069 0.007234 0.073935
2 0.553151 0.805792 0.004625 0.019287
