3 0.626641 0.617144 0.415510 0.751231
1 0.608414 0.599963 0.283901 0.483778
0 0.610354 0.611194 0.234479 0.387463
2 0.697880 0.486792 0.040802 0.066694
2 0.719544 0.559000 0.044932 0.054519
2 0.730792 0.650171 0.052365 0.031120
2 0.707247 0.716398 0.046005 0.059685
2 0.679518 0.776407 0.033078 0.073000
2 0.640779 0.815815 0.011026 0.090537
2 0.513253 0.689912 0.044682 0.030583
2 0.500854 0.626546 0.045187 0.021593
2 0.509896 0.538898 0.032958 0.056500
2 0.533393 0.475051 0.036547 0.073046
2 0.567557 0.433731 0.020115 0.072574
2 0.618388 0.422171 0.008422 0.074954
2 0.657424 0.445782 0.018474 0.078528
2 0.599263 0.803060 0.012276 0.076824
2 0.570227 0.779829 0.016026 0.047620
2 0.539122 0.751148 0.026849 0.063315
