3 0.596766 0.612755 0.417552 0.748472
1 0.576453 0.588227 0.283896 0.481954
0 0.572688 0.605731 0.231427 0.382741
2 0.686633 0.542370 0.039859 0.050333
2 0.608453 0.797796 0.010042 0.092278
2 0.481380 0.671245 0.047448 0.031213
2 0.471234 0.604949 0.044656 0.020287
2 0.480411 0.518361 0.034052 0.060241
2 0.500495 0.463681 0.031563 0.065065
2 0.624987 0.453194 0.006380 0.022500
2 0.568451 0.791139 0.011047 0.079519
2 0.533807 0.774676 0.026719 0.077278
2 0.507495 0.732139 0.030271 0.070000
2 0.668599 0.470620 0.037854 0.065074
2 0.533198 0.381403 0.015375 0.049602
