3 0.637581 0.619398 0.416151 0.739815
1 0.618089 0.611343 0.294219 0.501111
0 0.624612 0.611083 0.225464 0.380185
2 0.578302 0.436139 0.018615 0.068648
2 0.628885 0.421750 0.007437 0.066500
2 0.669063 0.443213 0.015208 0.070241
2 0.709089 0.480694 0.039146 0.068241
2 0.727737 0.557968 0.038609 0.047583
2 0.740818 0.646236 0.045885 0.029324
2 0.720729 0.708884 0.046177 0.051157
2 0.693909 0.774245 0.033651 0.070787
2 0.654401 0.808537 0.011510 0.082259
2 0.612471 0.805000 0.009745 0.074444
2 0.582812 0.781528 0.014687 0.054352
2 0.556615 0.742361 0.019792 0.054907
2 0.524844 0.691065 0.043229 0.029907
2 0.512841 0.626116 0.041401 0.021287
2 0.521974 0.545343 0.031385 0.044315
2 0.546188 0.483292 0.031615 0.056380
2 0.540469 0.779722 0.011354 0.010741
