3 0.591453 0.604227 0.414750 0.741269
1 0.570424 0.596574 0.288495 0.498037
0 0.571742 0.600801 0.225630 0.384343
2 0.463060 0.610875 0.043932 0.019176
2 0.473714 0.524907 0.031760 0.057667
2 0.622654 0.432306 0.016891 0.079648
2 0.559872 0.802097 0.012453 0.085806
2 0.525583 0.785486 0.025333 0.081991
2 0.500557 0.738060 0.028865 0.069231
2 0.497146 0.462426 0.035812 0.074963
2 0.582927 0.406954 0.007417 0.074981
2 0.603060 0.805282 0.010370 0.087546
2 0.663589 0.473352 0.041229 0.074093
2 0.530909 0.417074 0.018901 0.078407
2 0.677430 0.552153 0.037766 0.050565
2 0.641263 0.766931 0.032016 0.071009
2 0.670302 0.707380 0.043250 0.055056
2 0.473146 0.678968 0.048958 0.030546
2 0.696984 0.649412 0.057250 0.039546
