3 0.632060 0.597417 0.416516 0.751093
1 0.613961 0.578861 0.292703 0.473648
0 0.612146 0.590588 0.226854 0.382713
2 0.665742 0.427301 0.017391 0.069880
2 0.705701 0.468616 0.039995 0.063194
2 0.721310 0.546912 0.040297 0.046602
2 0.729984 0.633176 0.041958 0.026426
2 0.711190 0.697745 0.040953 0.049880
2 0.680745 0.754269 0.026844 0.064056
2 0.643281 0.787019 0.006979 0.066333
2 0.602424 0.781019 0.007557 0.066481
2 0.572372 0.760000 0.015474 0.045926
2 0.543753 0.726157 0.024797 0.058426
2 0.519167 0.667454 0.039583 0.025278
2 0.505286 0.604435 0.041302 0.020944
2 0.515880 0.520782 0.030844 0.049546
2 0.542018 0.459847 0.030130 0.061602
2 0.573880 0.413648 0.018344 0.070481
2 0.625495 0.402963 0.007760 0.066852
2 0.562000 0.802856 0.004625 0.019287
