3 0.625995 0.604903 0.415510 0.751231
1 0.606091 0.585435 0.283901 0.483778
0 0.609880 0.595264 0.230896 0.383102
2 0.699451 0.467639 0.040797 0.066685
2 0.718198 0.541315 0.044937 0.054519
2 0.729638 0.632662 0.053349 0.036528
2 0.706685 0.697181 0.046224 0.059287
2 0.677872 0.759648 0.033078 0.073000
2 0.639354 0.796130 0.009979 0.083630
2 0.512539 0.670963 0.045359 0.030722
2 0.494346 0.609139 0.043839 0.021093
2 0.510120 0.522273 0.033406 0.056769
2 0.533919 0.460153 0.036547 0.073046
2 0.569052 0.419500 0.020115 0.072574
2 0.618612 0.405681 0.008422 0.074954
2 0.658214 0.428491 0.016760 0.078519
2 0.598182 0.794986 0.014156 0.096769
2 0.563841 0.776653 0.024005 0.081713
2 0.537693 0.732606 0.028208 0.065880
