3 0.639898 0.593435 0.418745 0.751093
1 0.624792 0.574884 0.296458 0.473657
0 0.623341 0.586606 0.226859 0.382713
2 0.670779 0.421542 0.017391 0.069880
2 0.713930 0.459875 0.038182 0.065120
2 0.730935 0.536370 0.039391 0.049778
2 0.738531 0.625218 0.041063 0.028639
2 0.718846 0.691620 0.038870 0.049352
2 0.691094 0.752657 0.031354 0.070426
2 0.651924 0.784773 0.006776 0.072213
2 0.612836 0.775833 0.007557 0.066481
2 0.580398 0.763139 0.020245 0.064796
2 0.553125 0.720046 0.023542 0.060278
2 0.527596 0.662468 0.038974 0.028639
2 0.513919 0.597315 0.043526 0.020926
2 0.524010 0.515449 0.030104 0.055769
2 0.549880 0.455597 0.030552 0.059361
2 0.580357 0.406611 0.018349 0.070481
2 0.631615 0.397852 0.005938 0.065074
