3 0.610146 0.586125 0.415510 0.751213
1 0.589852 0.567074 0.283901 0.494926
0 0.592896 0.579917 0.225146 0.389000
2 0.691945 0.535222 0.025797 0.034704
2 0.707000 0.613954 0.041208 0.027093
2 0.687792 0.680787 0.042323 0.052926
2 0.657977 0.736106 0.028818 0.062824
2 0.621286 0.777329 0.010042 0.090769
2 0.495013 0.652014 0.044807 0.028917
2 0.482344 0.586875 0.044927 0.021435
2 0.493359 0.502491 0.030156 0.058130
2 0.518622 0.440722 0.032036 0.069593
2 0.552487 0.395056 0.019224 0.074556
2 0.602359 0.388653 0.008250 0.066935
2 0.640339 0.423856 0.013490 0.051972
2 0.579865 0.772690 0.009833 0.080602
2 0.545620 0.756514 0.024563 0.077731
2 0.519122 0.715023 0.028974 0.068657
2 0.669141 0.473616 0.012448 0.024083
