3 0.630260 0.595750 0.415510 0.751241
1 0.609560 0.572361 0.283901 0.483778
0 0.608698 0.575301 0.232396 0.382546
2 0.701547 0.452519 0.040802 0.063537
2 0.718122 0.530171 0.046224 0.049065
2 0.733206 0.627088 0.056464 0.043639
2 0.708292 0.685907 0.044031 0.060778
2 0.680667 0.747440 0.033969 0.073750
2 0.640612 0.764338 0.012005 0.053176
2 0.511279 0.656690 0.047974 0.034583
2 0.499440 0.591481 0.046495 0.023148
2 0.510346 0.502796 0.036099 0.058389
2 0.535430 0.441111 0.036547 0.073056
2 0.569391 0.401144 0.020115 0.072583
2 0.621581 0.387861 0.008422 0.069537
2 0.661451 0.411444 0.019870 0.076204
2 0.598958 0.775352 0.010313 0.081519
2 0.564909 0.759745 0.023193 0.077750
2 0.537552 0.718181 0.030104 0.071231
