3 0.600167 0.617130 0.417552 0.755926
1 0.582609 0.596500 0.286896 0.498056
0 0.581164 0.604694 0.221943 0.386037
2 0.490495 0.678940 0.043594 0.026009
2 0.469349 0.622468 0.027135 0.008639
2 0.483026 0.531208 0.040406 0.066102
2 0.629823 0.438579 0.015875 0.071417
2 0.570224 0.804046 0.014302 0.097278
2 0.535307 0.785917 0.030406 0.080759
2 0.511570 0.739704 0.032932 0.070963
2 0.683401 0.559949 0.030385 0.043231
2 0.505810 0.467708 0.042443 0.075694
2 0.590466 0.414833 0.008651 0.074833
2 0.677844 0.709389 0.041958 0.057444
2 0.646237 0.765500 0.026589 0.064741
2 0.609885 0.810366 0.006896 0.096491
2 0.671339 0.477722 0.042531 0.072111
2 0.537219 0.414394 0.024938 0.090472
