3 0.631167 0.602394 0.415510 0.751231
1 0.614820 0.586556 0.287661 0.483778
0 0.616385 0.588398 0.234479 0.387463
2 0.705422 0.465565 0.040802 0.066685
2 0.723943 0.540009 0.044937 0.054519
2 0.736448 0.633412 0.052365 0.031120
2 0.714581 0.699639 0.046005 0.059685
2 0.684755 0.759648 0.033083 0.073000
2 0.646539 0.797194 0.011026 0.090537
2 0.517966 0.669431 0.044682 0.030583
2 0.505042 0.605130 0.045187 0.021593
2 0.515133 0.519347 0.032964 0.056491
2 0.538630 0.455523 0.036542 0.071231
2 0.573844 0.416042 0.020115 0.072583
2 0.624672 0.401690 0.008427 0.074954
2 0.664339 0.424556 0.018479 0.078519
2 0.603977 0.787236 0.012276 0.076824
2 0.574940 0.758412 0.016026 0.047620
2 0.544883 0.728801 0.026849 0.063324
