3 0.625253 0.589208 0.417203 0.743806
1 0.614536 0.566139 0.297760 0.474815
0 0.605034 0.575676 0.237120 0.379944
2 0.618664 0.386370 0.009411 0.073741
2 0.659195 0.413440 0.017474 0.073528
2 0.698036 0.454056 0.038302 0.063111
2 0.716065 0.525287 0.041026 0.055815
2 0.725378 0.614532 0.044401 0.025361
2 0.705818 0.680884 0.038542 0.052861
2 0.673826 0.737190 0.021099 0.055213
2 0.640763 0.785051 0.011599 0.085454
2 0.597922 0.780944 0.011229 0.089537
2 0.564526 0.759722 0.024365 0.070370
2 0.539141 0.716593 0.026823 0.067926
2 0.513740 0.657949 0.042833 0.027565
2 0.500516 0.593704 0.042656 0.023833
2 0.509599 0.509727 0.034656 0.057583
2 0.532727 0.444023 0.035693 0.074176
2 0.567013 0.403708 0.018786 0.068509
