3 0.641727 0.620319 0.416151 0.739824
1 0.623271 0.607213 0.294219 0.498315
0 0.623992 0.609806 0.227328 0.378537
2 0.581263 0.439074 0.020391 0.069074
2 0.631883 0.424921 0.005714 0.066509
2 0.672693 0.445444 0.015208 0.069778
2 0.713596 0.484019 0.038130 0.066926
2 0.730745 0.560194 0.040031 0.046870
2 0.742672 0.647005 0.045281 0.029324
2 0.724185 0.711954 0.046172 0.051167
2 0.696789 0.776162 0.033651 0.070787
2 0.658203 0.808356 0.010156 0.074398
2 0.621547 0.775431 0.004552 0.013769
2 0.575701 0.822991 0.012557 0.022093
2 0.558362 0.753125 0.024109 0.062546
2 0.530031 0.697222 0.042354 0.031481
2 0.517586 0.632389 0.041401 0.020222
2 0.525078 0.549509 0.033594 0.052648
2 0.547656 0.484954 0.038021 0.066019
