3 0.614805 0.597833 0.417203 0.750444
1 0.599247 0.571444 0.294016 0.474815
0 0.603961 0.594801 0.237120 0.387620
2 0.607263 0.397889 0.009411 0.072815
2 0.647794 0.423556 0.017474 0.069889
2 0.686635 0.464190 0.038302 0.063102
2 0.703625 0.538185 0.041021 0.055815
2 0.714581 0.627588 0.044401 0.025361
2 0.694385 0.691630 0.043312 0.052852
2 0.664526 0.750231 0.029281 0.062870
2 0.628672 0.795431 0.011594 0.089324
2 0.586260 0.787491 0.011229 0.081130
2 0.550495 0.773477 0.026510 0.071009
2 0.525995 0.729380 0.027927 0.067907
2 0.501672 0.666903 0.041052 0.027565
2 0.487922 0.603940 0.042656 0.023843
2 0.499693 0.522528 0.027802 0.048648
2 0.523560 0.460000 0.033193 0.065185
2 0.555862 0.412972 0.018797 0.074241
