3 0.627664 0.596912 0.415516 0.748546
1 0.606216 0.570454 0.283901 0.483778
0 0.608622 0.582144 0.228901 0.384509
2 0.698070 0.460468 0.039557 0.069157
2 0.715760 0.537542 0.041083 0.050269
2 0.717898 0.620829 0.031391 0.022972
2 0.703526 0.689463 0.042323 0.052926
2 0.676255 0.747745 0.030990 0.064083
2 0.637896 0.790542 0.010042 0.090769
2 0.511622 0.662116 0.044807 0.028917
2 0.499388 0.599694 0.044922 0.023759
2 0.508646 0.512620 0.034521 0.056537
2 0.535234 0.455477 0.032031 0.060343
2 0.567312 0.404588 0.019229 0.077120
2 0.618005 0.396296 0.008250 0.072093
2 0.657971 0.419231 0.017391 0.073278
2 0.596247 0.782014 0.012911 0.080602
2 0.562229 0.768171 0.024562 0.077731
2 0.535073 0.725889 0.029417 0.071741
