3 0.650242 0.568741 0.415516 0.745296
1 0.634219 0.540551 0.285104 0.462546
0 0.637708 0.549000 0.231354 0.377000
2 0.725516 0.433343 0.035948 0.060759
2 0.745599 0.500417 0.040573 0.056389
2 0.756870 0.590912 0.047198 0.034472
2 0.735417 0.655236 0.043312 0.053750
2 0.707182 0.719796 0.035531 0.081704
2 0.667620 0.745384 0.010531 0.071639
2 0.585484 0.746815 0.009094 0.028593
2 0.565659 0.684699 0.026526 0.063009
2 0.541909 0.625398 0.039859 0.030685
2 0.525151 0.563306 0.039260 0.020426
2 0.538047 0.478981 0.034844 0.057963
2 0.561490 0.414046 0.037229 0.072278
2 0.646503 0.353639 0.005693 0.073704
2 0.689279 0.387472 0.017172 0.072907
2 0.628203 0.714014 0.009531 0.038639
2 0.594409 0.712616 0.005984 0.016398
2 0.595885 0.372495 0.021667 0.075935
