3 0.626641 0.609694 0.415510 0.751241
1 0.606844 0.592519 0.283896 0.483778
0 0.610115 0.603231 0.232687 0.385278
2 0.699974 0.474685 0.040802 0.066685
2 0.719021 0.547829 0.044937 0.054528
2 0.730010 0.639444 0.052896 0.035741
2 0.707247 0.704296 0.046005 0.059685
2 0.678471 0.767093 0.033078 0.073000
2 0.640779 0.807435 0.011026 0.090537
2 0.513779 0.677810 0.044682 0.030583
2 0.493786 0.616782 0.043615 0.020694
2 0.510945 0.529588 0.032964 0.056491
2 0.534440 0.467602 0.036547 0.073056
2 0.569651 0.427213 0.020115 0.072574
2 0.618911 0.412866 0.008427 0.074954
2 0.658474 0.435537 0.016385 0.078519
2 0.599268 0.803565 0.014380 0.100093
2 0.564740 0.784037 0.023854 0.082111
2 0.538591 0.740449 0.027911 0.066139
