3 0.639547 0.587861 0.415510 0.734463
1 0.624557 0.568685 0.284510 0.483778
0 0.625938 0.574324 0.234479 0.387463
2 0.717203 0.448898 0.040802 0.066685
2 0.734109 0.528736 0.043344 0.048954
2 0.747169 0.617944 0.052359 0.037796
2 0.723352 0.679880 0.046005 0.059685
2 0.694865 0.740380 0.033083 0.073000
2 0.656576 0.778704 0.011026 0.090537
2 0.558276 0.706148 0.024260 0.057519
2 0.532359 0.650181 0.041062 0.029324
2 0.517763 0.586681 0.043755 0.022194
2 0.527424 0.503750 0.032234 0.050648
2 0.550083 0.441292 0.036542 0.071231
2 0.584990 0.396241 0.020115 0.072574
2 0.637487 0.385519 0.008422 0.072722
2 0.677362 0.408352 0.018474 0.078519
2 0.615221 0.768231 0.011172 0.082796
2 0.586721 0.735657 0.016464 0.043500
