3 0.582010 0.604796 0.414750 0.749111
1 0.562242 0.594333 0.288495 0.498037
0 0.566076 0.593537 0.225630 0.389963
2 0.455773 0.603106 0.043932 0.019176
2 0.466427 0.517139 0.031760 0.057667
2 0.615734 0.424537 0.016885 0.079648
2 0.551497 0.795620 0.012453 0.085815
2 0.517750 0.777065 0.027167 0.081981
2 0.492180 0.730940 0.028870 0.069231
2 0.489859 0.455306 0.035812 0.074963
2 0.574914 0.401773 0.007422 0.074991
2 0.594315 0.797514 0.010370 0.087546
2 0.656672 0.464278 0.040510 0.072815
2 0.523625 0.411241 0.018906 0.078407
2 0.673417 0.544370 0.040667 0.045407
2 0.632523 0.759162 0.032016 0.071009
2 0.662286 0.698310 0.043250 0.055065
2 0.464766 0.670551 0.048958 0.030546
2 0.685875 0.636120 0.051792 0.034981
