3 0.636604 0.589185 0.415510 0.745296
1 0.618016 0.568042 0.282615 0.462546
0 0.621586 0.577593 0.228182 0.380556
2 0.711701 0.455074 0.039974 0.065963
2 0.728784 0.531630 0.041495 0.046778
2 0.741570 0.620264 0.048734 0.033917
2 0.718758 0.684574 0.043943 0.056407
2 0.691112 0.749144 0.033089 0.074676
2 0.650659 0.785255 0.010557 0.093194
2 0.550641 0.713681 0.025448 0.059306
2 0.522927 0.655157 0.044396 0.030426
2 0.510990 0.590574 0.045833 0.023111
2 0.491547 0.529403 0.041979 0.020472
2 0.521102 0.505796 0.034911 0.059556
2 0.545339 0.444694 0.037229 0.069963
2 0.631930 0.392477 0.008745 0.070324
2 0.672167 0.413731 0.017813 0.070926
2 0.610466 0.768981 0.008599 0.066667
2 0.580313 0.743611 0.018438 0.046111
2 0.580161 0.401963 0.019021 0.069685
