3 0.641432 0.587301 0.415510 0.734454
1 0.626651 0.582648 0.284510 0.483778
0 0.625940 0.585519 0.233432 0.383778
2 0.716477 0.461847 0.040068 0.067954
2 0.732836 0.538769 0.043703 0.052167
2 0.746443 0.628935 0.052365 0.037796
2 0.724445 0.692829 0.044547 0.061009
2 0.694865 0.752019 0.033083 0.073000
2 0.656214 0.788403 0.011021 0.090546
2 0.554633 0.722292 0.027182 0.063935
2 0.530844 0.663111 0.041063 0.029333
2 0.517003 0.599329 0.042849 0.020546
2 0.527578 0.516120 0.031927 0.052759
2 0.549281 0.450032 0.036542 0.071231
2 0.583536 0.407231 0.020115 0.072574
2 0.635305 0.393278 0.008422 0.072722
2 0.676635 0.417407 0.018479 0.078519
2 0.614859 0.788912 0.011177 0.095694
2 0.580891 0.768648 0.024490 0.079741
