3 0.640628 0.554051 0.415516 0.749213
1 0.625443 0.512625 0.288875 0.462546
0 0.623521 0.569824 0.230031 0.382815
2 0.718487 0.411130 0.038859 0.060759
2 0.736534 0.484819 0.041495 0.046769
2 0.747750 0.573065 0.052365 0.037796
2 0.723805 0.634403 0.045307 0.061565
2 0.696924 0.696773 0.033130 0.075528
2 0.656656 0.725134 0.008458 0.071880
2 0.557049 0.657926 0.027016 0.060074
2 0.532328 0.603588 0.040177 0.026343
2 0.516878 0.540287 0.045422 0.022759
2 0.528586 0.454796 0.034495 0.057815
2 0.556695 0.399667 0.030464 0.059000
2 0.588133 0.354190 0.016443 0.063102
2 0.640612 0.341264 0.006693 0.070324
2 0.679698 0.366634 0.016729 0.076139
2 0.617227 0.707968 0.009547 0.052028
2 0.587203 0.683005 0.012531 0.025472
2 0.577503 0.722255 0.009797 0.024935
