3 0.637904 0.592213 0.416516 0.748907
1 0.617891 0.590653 0.289531 0.473657
0 0.619432 0.584000 0.227906 0.374407
2 0.669586 0.420556 0.017016 0.074444
2 0.709201 0.460921 0.038161 0.065546
2 0.725849 0.539315 0.041885 0.048500
2 0.735240 0.623579 0.041958 0.026435
2 0.716242 0.687532 0.040953 0.049880
2 0.689135 0.751259 0.030792 0.068222
2 0.650133 0.785903 0.009078 0.078009
2 0.609083 0.781810 0.007865 0.077491
2 0.575901 0.768412 0.021490 0.077250
2 0.549206 0.721782 0.026120 0.061620
2 0.525060 0.660977 0.038568 0.025287
2 0.511031 0.598370 0.041958 0.020981
2 0.518964 0.511852 0.034990 0.059074
2 0.546398 0.454852 0.032516 0.060852
2 0.578641 0.406454 0.018031 0.077278
2 0.630339 0.396185 0.010115 0.074407
