3 0.640437 0.581477 0.415510 0.745306
1 0.625167 0.555972 0.285104 0.462556
0 0.626966 0.566083 0.229453 0.377648
2 0.715576 0.446634 0.037964 0.063361
2 0.733776 0.518727 0.040573 0.052639
2 0.751768 0.600699 0.047714 0.034287
2 0.735115 0.641759 0.047260 0.046741
2 0.709758 0.704972 0.038557 0.068759
2 0.676036 0.749556 0.021906 0.074593
2 0.580185 0.745602 0.013026 0.033704
2 0.555518 0.701958 0.026297 0.061824
2 0.529943 0.642713 0.041969 0.030407
2 0.515987 0.578940 0.040620 0.020454
2 0.526078 0.493949 0.035760 0.057194
2 0.550578 0.430921 0.037229 0.071120
2 0.635987 0.374315 0.006339 0.070093
2 0.677841 0.402486 0.017495 0.071917
2 0.636458 0.751870 0.009063 0.062093
2 0.599180 0.742120 0.007359 0.040926
2 0.584750 0.388782 0.020344 0.072806
