3 0.616026 0.592792 0.417198 0.747787
1 0.599107 0.567898 0.287776 0.459759
0 0.588437 0.585505 0.227604 0.381769
2 0.597276 0.396852 0.009406 0.070130
2 0.635846 0.420968 0.017474 0.071269
2 0.678216 0.461273 0.039391 0.067454
2 0.694810 0.537806 0.041026 0.047185
2 0.703357 0.623532 0.041870 0.025361
2 0.684380 0.688162 0.041896 0.052861
2 0.655560 0.750731 0.030182 0.067667
2 0.619021 0.789403 0.009448 0.086639
2 0.577266 0.781431 0.011229 0.073435
2 0.541943 0.768995 0.028250 0.073343
2 0.517815 0.721991 0.026203 0.063370
2 0.492109 0.662954 0.036813 0.024704
2 0.478115 0.600250 0.042656 0.020796
2 0.488594 0.518810 0.032000 0.050491
2 0.515474 0.460079 0.030656 0.058009
2 0.545867 0.408565 0.017495 0.069352
