3 0.641727 0.608375 0.416151 0.739824
1 0.625128 0.601907 0.285995 0.498315
0 0.623992 0.610486 0.227328 0.406435
2 0.581440 0.421810 0.019307 0.063972
2 0.632747 0.407250 0.005714 0.071148
2 0.673693 0.429468 0.015208 0.071528
2 0.715089 0.467139 0.039615 0.066926
2 0.734622 0.541389 0.043464 0.052222
2 0.743755 0.630491 0.051760 0.031611
2 0.726773 0.699981 0.046172 0.060389
2 0.697669 0.757736 0.033651 0.070787
2 0.660005 0.794301 0.010156 0.080843
2 0.619206 0.780241 0.008516 0.063056
2 0.591354 0.763194 0.012917 0.050833
2 0.564669 0.724352 0.017255 0.047222
2 0.531484 0.678657 0.042344 0.034019
2 0.518125 0.613810 0.040312 0.024102
2 0.523818 0.529991 0.036115 0.048167
2 0.552161 0.471213 0.031198 0.055167
