3 0.635065 0.610477 0.415516 0.752583
1 0.603633 0.583880 0.283901 0.483778
0 0.604091 0.600245 0.225880 0.385806
2 0.697107 0.470569 0.039557 0.069157
2 0.714919 0.550218 0.042380 0.049787
2 0.726805 0.645120 0.053578 0.042352
2 0.702828 0.707509 0.037781 0.058870
2 0.670125 0.751801 0.032021 0.047324
2 0.635401 0.799579 0.012219 0.087694
2 0.508003 0.675870 0.045224 0.034370
2 0.495188 0.609574 0.047562 0.024556
2 0.505500 0.523958 0.036094 0.058398
2 0.533195 0.463801 0.031797 0.063306
2 0.564372 0.416769 0.016839 0.073204
2 0.615901 0.406269 0.011177 0.072093
2 0.655836 0.430019 0.019786 0.078556
2 0.594122 0.793981 0.008766 0.081852
2 0.559208 0.783093 0.025010 0.078370
2 0.533151 0.736514 0.030104 0.071231
