3 0.595635 0.619676 0.417552 0.752500
1 0.576315 0.596505 0.286901 0.486861
0 0.581430 0.597940 0.231391 0.388380
2 0.483997 0.688546 0.043516 0.031056
2 0.459547 0.627995 0.018094 0.009880
2 0.476557 0.534218 0.035740 0.066750
2 0.627344 0.443241 0.018812 0.078556
2 0.566094 0.815708 0.012708 0.096361
2 0.531065 0.793870 0.030401 0.080759
2 0.505919 0.748667 0.032932 0.070963
2 0.679878 0.567856 0.033057 0.036269
2 0.501734 0.473236 0.038573 0.077583
2 0.586297 0.420361 0.006885 0.074833
2 0.670758 0.722514 0.038276 0.070528
2 0.643227 0.770778 0.026047 0.058259
2 0.606214 0.811898 0.006896 0.080648
2 0.667958 0.484569 0.043562 0.075806
2 0.534279 0.421079 0.021057 0.094194
