3 0.622115 0.566792 0.415510 0.751231
1 0.597794 0.541796 0.283901 0.483778
0 0.600625 0.535194 0.227083 0.367759
2 0.693253 0.417606 0.040797 0.063546
2 0.710849 0.494069 0.046219 0.049065
2 0.724112 0.586139 0.056464 0.043648
2 0.699805 0.647116 0.044036 0.060769
2 0.670359 0.707569 0.033969 0.073750
2 0.626224 0.703468 0.005052 0.021954
2 0.502948 0.619778 0.047667 0.036185
2 0.490956 0.555125 0.046495 0.025861
2 0.501253 0.468310 0.036099 0.058398
2 0.528154 0.407704 0.036547 0.073056
2 0.561536 0.363903 0.020115 0.072583
2 0.613763 0.353657 0.008422 0.069537
2 0.654466 0.376528 0.019870 0.076204
2 0.589258 0.736556 0.011536 0.081519
2 0.555815 0.721495 0.023193 0.077750
2 0.527716 0.681269 0.032203 0.072833
