3 0.595458 0.627685 0.414750 0.744630
1 0.579362 0.616042 0.288495 0.498046
0 0.579044 0.620046 0.225630 0.384352
2 0.470482 0.630833 0.043047 0.021315
2 0.479479 0.545954 0.031760 0.057667
2 0.628227 0.449278 0.015859 0.079648
2 0.566409 0.815792 0.010839 0.076565
2 0.540440 0.778958 0.012964 0.027454
2 0.507297 0.758134 0.028865 0.069231
2 0.503826 0.483194 0.036422 0.073333
2 0.588055 0.429102 0.006495 0.071852
2 0.609224 0.827148 0.010375 0.091444
2 0.669336 0.491764 0.042245 0.076306
2 0.535924 0.436227 0.021016 0.080028
2 0.685224 0.572741 0.041583 0.051722
2 0.647482 0.786069 0.032016 0.071009
2 0.676742 0.725037 0.045786 0.054370
2 0.478911 0.699366 0.048958 0.030546
2 0.699758 0.665315 0.057255 0.039556
