3 0.641885 0.580866 0.415510 0.749213
1 0.624185 0.551167 0.297672 0.483778
0 0.626854 0.567060 0.229406 0.382806
2 0.715435 0.444491 0.038859 0.060759
2 0.734352 0.519736 0.041495 0.046769
2 0.746005 0.609537 0.052365 0.037796
2 0.722711 0.671620 0.043120 0.058426
2 0.693435 0.733236 0.033130 0.075528
2 0.654888 0.761949 0.008464 0.071880
2 0.553018 0.702389 0.027495 0.061889
2 0.529805 0.642199 0.041693 0.026343
2 0.516495 0.578440 0.045177 0.016454
2 0.526182 0.494287 0.032219 0.053278
2 0.552781 0.434000 0.031729 0.060333
2 0.584857 0.384574 0.018620 0.074741
2 0.636674 0.378861 0.008422 0.072722
2 0.676638 0.401532 0.016724 0.073065
2 0.615323 0.731773 0.006750 0.034972
2 0.583539 0.726801 0.015307 0.035843
2 0.571188 0.770301 0.007271 0.024935
