3 0.623406 0.585755 0.415510 0.751231
1 0.603073 0.557083 0.283896 0.483778
0 0.608938 0.563417 0.223729 0.374370
2 0.697354 0.439444 0.040802 0.066685
2 0.714906 0.515241 0.044937 0.054519
2 0.728143 0.605514 0.055151 0.039694
2 0.704435 0.668727 0.047109 0.057713
2 0.675477 0.729852 0.033078 0.073000
2 0.633656 0.750903 0.005792 0.055954
2 0.507596 0.643569 0.048068 0.031269
2 0.496589 0.578551 0.044750 0.022694
2 0.506826 0.493023 0.035203 0.057843
2 0.531820 0.430356 0.036547 0.073046
2 0.566661 0.388644 0.020115 0.072583
2 0.617414 0.376949 0.008422 0.074954
2 0.657167 0.400296 0.018260 0.078519
2 0.593841 0.760676 0.013266 0.083481
2 0.560245 0.747130 0.024615 0.080130
2 0.534099 0.701227 0.029417 0.064824
