3 0.606734 0.599792 0.417552 0.753935
1 0.584805 0.580963 0.283901 0.465852
0 0.591484 0.589153 0.226094 0.385102
2 0.693831 0.541954 0.037443 0.050759
2 0.691698 0.621694 0.018479 0.009944
2 0.684146 0.694815 0.042323 0.052926
2 0.651896 0.746644 0.021521 0.051528
2 0.616917 0.796764 0.010042 0.093880
2 0.490461 0.666042 0.044807 0.028917
2 0.478237 0.599838 0.045849 0.016065
2 0.489107 0.516815 0.031370 0.056556
2 0.514557 0.455972 0.034948 0.071759
2 0.549635 0.416056 0.016146 0.069926
2 0.599299 0.422074 0.008245 0.043593
2 0.637055 0.438236 0.013911 0.057398
2 0.575419 0.784407 0.011047 0.079519
2 0.540297 0.775148 0.025490 0.081556
2 0.513664 0.728495 0.031391 0.070787
2 0.678977 0.465060 0.043484 0.072269
