3 0.646112 0.589556 0.416516 0.748907
1 0.625776 0.571231 0.289531 0.473648
0 0.634195 0.577282 0.229109 0.381750
2 0.680732 0.411356 0.017016 0.072343
2 0.718661 0.459051 0.035281 0.056435
2 0.735870 0.529537 0.038469 0.041667
2 0.748076 0.616435 0.041964 0.026426
2 0.727940 0.682847 0.042036 0.052454
2 0.696115 0.736532 0.023396 0.053046
2 0.661469 0.757000 0.009073 0.034500
2 0.618953 0.785444 0.007865 0.063926
2 0.585406 0.759708 0.026021 0.078176
2 0.561289 0.715037 0.025380 0.058815
2 0.533885 0.655935 0.041521 0.028130
2 0.520932 0.590634 0.041438 0.020157
2 0.530292 0.506366 0.034729 0.057824
2 0.555276 0.443856 0.034312 0.067102
2 0.590151 0.406032 0.015427 0.068491
2 0.640865 0.390773 0.007010 0.073454
