3 0.660099 0.618148 0.415510 0.732593
1 0.643909 0.600301 0.285099 0.462546
0 0.646724 0.621491 0.228219 0.382574
2 0.732271 0.490954 0.034937 0.061722
2 0.751549 0.564500 0.041068 0.049926
2 0.761029 0.650366 0.048255 0.029824
2 0.745789 0.717009 0.043318 0.053759
2 0.714089 0.774056 0.029427 0.061889
2 0.677703 0.817722 0.010531 0.088259
2 0.608727 0.781009 0.011411 0.033537
2 0.560096 0.788134 0.014495 0.017750
2 0.550526 0.697486 0.040948 0.030954
2 0.535602 0.635250 0.040474 0.022648
2 0.544060 0.547056 0.033859 0.056222
2 0.569266 0.485384 0.033656 0.067565
2 0.603250 0.444917 0.019104 0.071333
2 0.652727 0.424630 0.005693 0.073704
2 0.693174 0.449241 0.014589 0.072926
2 0.636849 0.813259 0.009531 0.075778
2 0.586487 0.733106 0.005984 0.016398
