3 0.636456 0.614250 0.411984 0.737204
1 0.620461 0.593546 0.282891 0.471019
0 0.620521 0.607796 0.230208 0.380148
2 0.575852 0.433935 0.017464 0.063981
2 0.626625 0.415870 0.008562 0.073074
2 0.667414 0.440338 0.014828 0.071546
2 0.708773 0.479037 0.040151 0.066926
2 0.727865 0.555949 0.042500 0.046250
2 0.735680 0.643778 0.043849 0.031611
2 0.719219 0.709583 0.044375 0.054000
2 0.690201 0.769097 0.032516 0.065139
2 0.652026 0.807463 0.010156 0.081370
2 0.609128 0.812898 0.010703 0.092463
2 0.579310 0.784940 0.016849 0.061046
2 0.552633 0.744171 0.021922 0.059991
2 0.522135 0.689861 0.045208 0.032111
2 0.510742 0.625648 0.042839 0.020907
2 0.517865 0.541815 0.035000 0.048778
2 0.546026 0.483032 0.030448 0.058380
