3 0.613190 0.583236 0.417203 0.747787
1 0.591417 0.558824 0.289552 0.449574
0 0.595156 0.577546 0.227604 0.373796
2 0.603383 0.388824 0.009411 0.070130
2 0.645339 0.412051 0.017135 0.071269
2 0.685013 0.450398 0.039391 0.067463
2 0.699846 0.526926 0.041026 0.047185
2 0.710555 0.613292 0.041870 0.025361
2 0.692297 0.679588 0.041896 0.052861
2 0.663865 0.740634 0.029281 0.062861
2 0.626112 0.780102 0.009453 0.086648
2 0.583313 0.775296 0.011229 0.081130
2 0.548737 0.758773 0.028245 0.073343
2 0.524109 0.714972 0.027927 0.064685
2 0.500417 0.654634 0.038333 0.026472
2 0.486771 0.591157 0.042656 0.020796
2 0.496583 0.506588 0.030479 0.051824
2 0.523654 0.448477 0.028422 0.059343
2 0.553766 0.399676 0.017500 0.069352
