3 0.643604 0.612403 0.415510 0.734454
1 0.627198 0.598093 0.285604 0.483778
0 0.624216 0.608657 0.234693 0.388241
2 0.716052 0.485528 0.039219 0.064037
2 0.734573 0.559315 0.041062 0.051407
2 0.747315 0.649102 0.052359 0.037796
2 0.723003 0.712245 0.043120 0.054583
2 0.699055 0.777218 0.035641 0.075565
2 0.659487 0.813616 0.011026 0.090546
2 0.561737 0.740731 0.020245 0.046500
2 0.536492 0.685718 0.034130 0.021528
2 0.518820 0.626486 0.042849 0.020546
2 0.527943 0.543583 0.031927 0.049500
2 0.552169 0.477019 0.034984 0.067481
2 0.586151 0.435139 0.016969 0.065093
2 0.636612 0.421208 0.008422 0.072713
2 0.675547 0.447676 0.018906 0.081648
2 0.617398 0.807963 0.008276 0.082074
2 0.585443 0.790009 0.022656 0.073315
