3 0.602885 0.619213 0.414750 0.754537
1 0.585654 0.600375 0.288495 0.498046
0 0.583445 0.608296 0.225630 0.389889
2 0.475036 0.618194 0.044135 0.023241
2 0.484578 0.534296 0.031760 0.057667
2 0.634599 0.436861 0.017677 0.079648
2 0.575336 0.779532 0.007547 0.035194
2 0.539232 0.791125 0.025234 0.080528
2 0.513219 0.746282 0.028865 0.069231
2 0.508924 0.469727 0.036422 0.073324
2 0.594128 0.415611 0.006495 0.071852
2 0.614698 0.811250 0.010375 0.086204
2 0.676536 0.478338 0.042250 0.076306
2 0.542693 0.423644 0.018406 0.080065
2 0.692346 0.558736 0.041557 0.048954
2 0.653312 0.773435 0.032021 0.070352
2 0.682026 0.712995 0.045427 0.056972
2 0.486458 0.685870 0.046250 0.032704
2 0.706435 0.652065 0.055047 0.036981
