3 0.644849 0.609829 0.415094 0.737194
1 0.629414 0.595139 0.282891 0.471019
0 0.629930 0.599847 0.231078 0.376972
2 0.586484 0.427546 0.017135 0.065278
2 0.637414 0.410759 0.007130 0.069241
2 0.676758 0.434259 0.014141 0.069630
2 0.716557 0.474801 0.036677 0.064602
2 0.736076 0.547500 0.037307 0.047778
2 0.746044 0.636861 0.043849 0.031611
2 0.727135 0.698708 0.044375 0.053991
2 0.699201 0.758870 0.031078 0.060037
2 0.661625 0.802421 0.010156 0.085139
2 0.622078 0.793685 0.008531 0.077148
2 0.591003 0.765449 0.014339 0.036139
2 0.559997 0.738741 0.023745 0.063204
2 0.534547 0.684102 0.039094 0.032111
2 0.521003 0.619250 0.040318 0.020907
2 0.528669 0.535750 0.032141 0.050722
2 0.553229 0.473426 0.034063 0.060926
2 0.579247 0.804685 0.012547 0.025296
