3 0.600167 0.610417 0.417552 0.758241
1 0.580721 0.593144 0.286901 0.486861
0 0.583263 0.598176 0.231391 0.384204
2 0.480839 0.678287 0.042490 0.027315
2 0.475182 0.608856 0.043906 0.019009
2 0.482477 0.523431 0.034224 0.057046
2 0.631185 0.427236 0.016172 0.075769
2 0.569495 0.804046 0.014302 0.097278
2 0.534214 0.782681 0.030406 0.080750
2 0.510115 0.738407 0.032938 0.070963
2 0.686435 0.549662 0.034630 0.046546
2 0.505078 0.460282 0.040990 0.077602
2 0.591984 0.404037 0.008646 0.074833
2 0.677844 0.702917 0.041958 0.057444
2 0.647693 0.760963 0.026594 0.064741
2 0.609885 0.805833 0.006896 0.096481
2 0.671641 0.469630 0.042531 0.072111
2 0.538646 0.405560 0.022812 0.092602
