3 0.611068 0.616801 0.410573 0.747602
1 0.597315 0.602296 0.286901 0.498037
0 0.600523 0.608412 0.225630 0.387880
2 0.495625 0.619102 0.037083 0.024389
2 0.499987 0.533051 0.035359 0.054361
2 0.647734 0.436130 0.017969 0.076889
2 0.587693 0.807366 0.012990 0.091565
2 0.561523 0.772875 0.017943 0.055361
2 0.539945 0.725644 0.018120 0.040565
2 0.523089 0.468847 0.036792 0.072620
2 0.608086 0.414380 0.007974 0.075463
2 0.629443 0.807843 0.009344 0.081537
2 0.689500 0.475440 0.046104 0.076250
2 0.557117 0.423491 0.019682 0.076741
2 0.708990 0.554130 0.046500 0.059370
2 0.667076 0.772241 0.031370 0.074593
2 0.695417 0.711792 0.044062 0.061602
2 0.514943 0.679718 0.030198 0.030750
2 0.718161 0.645278 0.051542 0.034907
