3 0.583521 0.595394 0.414750 0.749120
1 0.568008 0.582213 0.288495 0.498037
0 0.566602 0.586528 0.225630 0.387130
2 0.457961 0.594690 0.043932 0.019176
2 0.468979 0.511954 0.031760 0.057667
2 0.617555 0.416764 0.016891 0.079657
2 0.552589 0.787204 0.012458 0.085815
2 0.519570 0.769292 0.027161 0.081991
2 0.494365 0.723815 0.028865 0.069222
2 0.492776 0.448181 0.035812 0.074954
2 0.577099 0.392060 0.007417 0.074991
2 0.596503 0.791032 0.010370 0.087546
2 0.657401 0.458454 0.040510 0.072815
2 0.525810 0.404120 0.018901 0.078407
2 0.674693 0.536593 0.040302 0.048000
2 0.633615 0.751389 0.032010 0.071000
2 0.663745 0.691833 0.043250 0.055056
2 0.466953 0.662134 0.048958 0.030546
2 0.686969 0.627056 0.051792 0.034981
