3 0.623992 0.602912 0.415516 0.751213
1 0.601180 0.582759 0.283901 0.483778
0 0.604844 0.596699 0.228896 0.389009
2 0.706589 0.454259 0.021615 0.039630
2 0.700023 0.561639 0.019224 0.023833
2 0.719906 0.633787 0.043417 0.029463
2 0.701339 0.697880 0.042323 0.052926
2 0.671526 0.755532 0.028823 0.062824
2 0.634839 0.801421 0.010042 0.090769
2 0.508128 0.670662 0.044807 0.028917
2 0.495456 0.604745 0.044922 0.021435
2 0.502971 0.515722 0.035411 0.064296
2 0.531737 0.460514 0.034651 0.067306
2 0.563818 0.413912 0.019229 0.077120
2 0.614948 0.401736 0.008250 0.072083
2 0.657326 0.423870 0.013474 0.060889
2 0.591878 0.792894 0.012911 0.080602
2 0.558732 0.777495 0.024557 0.077731
2 0.532451 0.733657 0.029411 0.071741
2 0.680503 0.497907 0.010276 0.017148
