3 0.637661 0.588421 0.415510 0.734454
1 0.620786 0.570917 0.284510 0.483778
0 0.622167 0.581028 0.234479 0.387463
2 0.713276 0.455106 0.040802 0.066694
2 0.729745 0.533389 0.043344 0.048944
2 0.744115 0.626472 0.052365 0.037796
2 0.720734 0.687639 0.046000 0.059685
2 0.690865 0.748782 0.033083 0.073009
2 0.652940 0.785171 0.011026 0.090546
2 0.555005 0.710676 0.024260 0.057519
2 0.526906 0.658583 0.041062 0.029333
2 0.513034 0.593144 0.043755 0.022194
2 0.523060 0.511509 0.032234 0.050648
2 0.545719 0.447106 0.036542 0.071231
2 0.577719 0.399472 0.020115 0.072574
2 0.631375 0.389398 0.008427 0.072722
2 0.669943 0.419218 0.018479 0.078528
2 0.610305 0.771144 0.012276 0.074380
2 0.582357 0.743417 0.016464 0.043500
