3 0.615177 0.614514 0.415510 0.756620
1 0.596711 0.590593 0.283901 0.483778
0 0.597161 0.599134 0.228385 0.383583
2 0.687930 0.475227 0.039557 0.069157
2 0.704956 0.552394 0.042380 0.049787
2 0.718492 0.641306 0.053557 0.038444
2 0.694294 0.706403 0.042568 0.058843
2 0.665544 0.768741 0.032036 0.080481
2 0.624708 0.770417 0.008844 0.038704
2 0.500641 0.676199 0.046698 0.040194
2 0.487687 0.609579 0.047115 0.025343
2 0.498870 0.525250 0.036094 0.058389
2 0.522896 0.461935 0.036542 0.073056
2 0.556609 0.416972 0.020115 0.072574
2 0.607893 0.410657 0.008422 0.069537
2 0.647365 0.432269 0.016083 0.076204
2 0.588552 0.799560 0.010292 0.082639
2 0.553633 0.778384 0.023193 0.077750
2 0.525284 0.735347 0.030109 0.071231
