3 0.630440 0.601500 0.416516 0.748907
1 0.612708 0.595264 0.289531 0.473657
0 0.612185 0.593199 0.226880 0.381750
2 0.662737 0.427370 0.017016 0.074444
2 0.702477 0.472792 0.038172 0.060954
2 0.720409 0.547407 0.041370 0.048148
2 0.726841 0.633708 0.041964 0.026435
2 0.707245 0.698199 0.040958 0.049880
2 0.680276 0.760861 0.029865 0.067167
2 0.642036 0.792838 0.009073 0.078009
2 0.601083 0.787606 0.007865 0.072194
2 0.568039 0.761093 0.017224 0.040407
2 0.541078 0.728894 0.025385 0.060731
2 0.515177 0.670306 0.040792 0.026167
2 0.503656 0.604074 0.041437 0.017593
2 0.511932 0.520972 0.033427 0.053241
2 0.538000 0.458069 0.034313 0.069417
2 0.570724 0.412565 0.018031 0.075426
2 0.622724 0.403241 0.007010 0.070741
