3 0.624701 0.595329 0.415516 0.751231
1 0.604581 0.571259 0.283901 0.483778
0 0.609411 0.579343 0.227312 0.378741
2 0.698401 0.453542 0.040802 0.066694
2 0.716552 0.528278 0.044937 0.054519
2 0.728891 0.619088 0.054250 0.038120
2 0.705560 0.682954 0.046661 0.058500
2 0.676674 0.744750 0.033078 0.073000
2 0.636505 0.773514 0.007885 0.069787
2 0.510070 0.657269 0.046714 0.031000
2 0.495466 0.593843 0.044297 0.021889
2 0.508474 0.507648 0.034302 0.057315
2 0.532870 0.445255 0.036542 0.073046
2 0.567859 0.404074 0.020115 0.072574
2 0.618013 0.391310 0.008422 0.074954
2 0.657690 0.414398 0.017505 0.078519
2 0.596013 0.777833 0.013714 0.090130
2 0.562044 0.761894 0.024307 0.080917
2 0.535896 0.716917 0.028812 0.065352
