3 0.629198 0.607676 0.416510 0.751093
1 0.606997 0.593968 0.283922 0.473657
0 0.607297 0.604468 0.224781 0.382176
2 0.658357 0.441394 0.017016 0.071120
2 0.699286 0.484356 0.038198 0.063194
2 0.716346 0.558509 0.041891 0.048500
2 0.724802 0.645333 0.041958 0.026426
2 0.706523 0.712486 0.040953 0.049880
2 0.675646 0.770458 0.026844 0.059269
2 0.637536 0.806032 0.009073 0.072194
2 0.598083 0.800708 0.007865 0.071731
2 0.565643 0.777046 0.017536 0.045907
2 0.538049 0.743204 0.025401 0.058407
2 0.512826 0.682731 0.038568 0.025278
2 0.501302 0.620120 0.039823 0.020981
2 0.508182 0.532009 0.037177 0.062278
2 0.536690 0.473403 0.030370 0.065972
2 0.568026 0.427870 0.016240 0.071481
2 0.619901 0.407000 0.010115 0.089889
