3 0.624055 0.590542 0.415516 0.751231
1 0.603826 0.564176 0.283901 0.483778
0 0.609174 0.571380 0.225526 0.376556
2 0.697880 0.446491 0.040802 0.066685
2 0.715729 0.521759 0.044937 0.054519
2 0.728516 0.612296 0.054698 0.038907
2 0.704997 0.675843 0.046891 0.058111
2 0.676076 0.737301 0.033078 0.073009
2 0.635081 0.762213 0.006839 0.062870
2 0.508833 0.650417 0.047385 0.031130
2 0.496029 0.586194 0.044526 0.022296
2 0.507651 0.500333 0.034750 0.057574
2 0.532346 0.437810 0.036547 0.073046
2 0.567260 0.396356 0.020115 0.072583
2 0.617716 0.384134 0.008422 0.074954
2 0.657427 0.407343 0.017885 0.078519
2 0.594927 0.769255 0.013490 0.086806
2 0.561143 0.754514 0.024464 0.080528
2 0.534995 0.709069 0.029115 0.065083
