3 0.671026 0.523792 0.421740 0.735565
1 0.657091 0.479370 0.287318 0.443296
0 0.659349 0.495634 0.229844 0.372065
2 0.751797 0.375741 0.037656 0.058333
2 0.771385 0.445861 0.044417 0.055426
2 0.777560 0.538875 0.042068 0.035213
2 0.758536 0.600713 0.044802 0.059130
2 0.728516 0.658102 0.029427 0.064537
2 0.692031 0.685245 0.012260 0.065806
2 0.629654 0.629532 0.006286 0.014824
2 0.590846 0.626111 0.025578 0.064370
2 0.563891 0.570773 0.041427 0.029194
2 0.549763 0.508190 0.042964 0.025843
2 0.561427 0.423861 0.033083 0.055426
2 0.585266 0.364296 0.037802 0.061593
2 0.618216 0.319069 0.020339 0.067972
2 0.672026 0.313731 0.009729 0.072389
2 0.711898 0.339250 0.016328 0.073796
2 0.617135 0.667264 0.013542 0.044176
