3 0.620615 0.606139 0.416510 0.748907
1 0.598414 0.583394 0.289536 0.473657
0 0.598125 0.600500 0.232813 0.377333
2 0.691344 0.478148 0.037208 0.062222
2 0.709448 0.555218 0.040688 0.048769
2 0.715977 0.642292 0.039193 0.028194
2 0.699122 0.708583 0.040505 0.049500
2 0.669458 0.767894 0.031604 0.065139
2 0.631526 0.806602 0.012260 0.086981
2 0.588297 0.798593 0.009073 0.067630
2 0.556549 0.771671 0.017786 0.045546
2 0.530029 0.736611 0.025578 0.064370
2 0.506799 0.674838 0.039641 0.023472
2 0.493945 0.612574 0.039349 0.018185
2 0.502799 0.528542 0.030964 0.052731
2 0.528964 0.467963 0.029677 0.063704
2 0.562289 0.424361 0.016141 0.063722
2 0.613938 0.410542 0.009729 0.072380
2 0.652776 0.434213 0.016323 0.073796
