3 0.608836 0.597833 0.417203 0.750444
1 0.594023 0.556509 0.294016 0.444944
0 0.590242 0.596394 0.235901 0.387620
2 0.601828 0.398454 0.009406 0.072815
2 0.641294 0.423769 0.017474 0.071241
2 0.681414 0.461315 0.039391 0.070148
2 0.698945 0.541060 0.041026 0.048787
2 0.707555 0.625023 0.041870 0.025361
2 0.688997 0.692917 0.041901 0.052870
2 0.660568 0.750231 0.029281 0.062870
2 0.623711 0.798505 0.009453 0.089324
2 0.581510 0.785954 0.011229 0.081130
2 0.545740 0.771569 0.028250 0.073343
2 0.520813 0.729380 0.027927 0.067907
2 0.496057 0.666903 0.041052 0.027565
2 0.483172 0.603954 0.042656 0.020796
2 0.494943 0.520995 0.027802 0.048639
2 0.517945 0.461532 0.033193 0.065194
2 0.550466 0.415662 0.017495 0.070398
