3 0.647648 0.618931 0.411984 0.736120
1 0.630909 0.593829 0.282891 0.467194
0 0.634516 0.617477 0.231906 0.383935
2 0.589523 0.441255 0.017932 0.068602
2 0.640102 0.424829 0.005120 0.072787
2 0.680555 0.448782 0.016286 0.077750
2 0.722195 0.485639 0.041026 0.073685
2 0.739570 0.563648 0.039974 0.048815
2 0.747956 0.649852 0.039609 0.025852
2 0.730677 0.718505 0.043542 0.055213
2 0.704190 0.779769 0.034661 0.071556
2 0.664620 0.821333 0.010156 0.089537
2 0.623888 0.818931 0.011703 0.089898
2 0.587260 0.797028 0.026312 0.070352
2 0.566424 0.750523 0.020068 0.050861
2 0.534187 0.696241 0.048073 0.030241
2 0.524893 0.631620 0.041776 0.020907
2 0.533406 0.549616 0.029854 0.049657
2 0.557266 0.486481 0.033698 0.062593
