3 0.649818 0.617806 0.416146 0.739815
1 0.636224 0.615278 0.294219 0.501111
0 0.635068 0.615019 0.229813 0.381815
2 0.591729 0.438917 0.019896 0.067444
2 0.642115 0.424417 0.007437 0.067444
2 0.683320 0.446972 0.014193 0.070241
2 0.723208 0.484537 0.039729 0.069870
2 0.740904 0.563000 0.041005 0.048370
2 0.753167 0.648718 0.045885 0.029324
2 0.733523 0.716167 0.043182 0.054389
2 0.705826 0.777977 0.031578 0.069231
2 0.667583 0.816440 0.010365 0.084454
2 0.625909 0.810833 0.008203 0.076296
2 0.590458 0.796523 0.026375 0.072491
2 0.570521 0.748532 0.022500 0.060787
2 0.541883 0.694949 0.040786 0.031454
2 0.526888 0.631231 0.040786 0.023463
2 0.533935 0.546991 0.033891 0.049056
2 0.560628 0.487278 0.030891 0.057574
