3 0.625247 0.611153 0.415516 0.756620
1 0.606779 0.588361 0.283901 0.483778
0 0.607237 0.599699 0.234693 0.380231
2 0.698419 0.475227 0.039557 0.069157
2 0.714919 0.553324 0.042380 0.049778
2 0.731602 0.643171 0.053557 0.038454
2 0.707409 0.708273 0.042568 0.058843
2 0.678133 0.767356 0.032036 0.075843
2 0.643060 0.800704 0.016172 0.080630
2 0.511937 0.679759 0.045229 0.034370
2 0.497159 0.613449 0.047109 0.021435
2 0.507247 0.527843 0.036099 0.058389
2 0.535820 0.470014 0.031797 0.063306
2 0.566995 0.419880 0.016844 0.073204
2 0.619180 0.409380 0.009870 0.072093
2 0.658891 0.430407 0.017156 0.076222
2 0.601115 0.798264 0.007021 0.082639
2 0.564016 0.783870 0.025010 0.078370
2 0.536211 0.741171 0.030109 0.071231
