3 0.644539 0.615926 0.411984 0.740556
1 0.626057 0.589681 0.282896 0.454435
0 0.625495 0.607509 0.230208 0.370722
2 0.583237 0.431065 0.020714 0.072315
2 0.633464 0.417185 0.008563 0.075630
2 0.674951 0.440875 0.015943 0.068991
2 0.716148 0.476495 0.039786 0.068176
2 0.733810 0.553704 0.040714 0.050741
2 0.743219 0.643130 0.046687 0.029037
2 0.724424 0.706046 0.046151 0.057167
2 0.696674 0.767171 0.033943 0.067694
2 0.658865 0.813912 0.010156 0.093380
2 0.617326 0.808833 0.010380 0.086037
2 0.585255 0.783991 0.019385 0.057796
2 0.556940 0.745435 0.025495 0.062537
2 0.527888 0.690500 0.048078 0.033407
2 0.517034 0.625009 0.041776 0.020907
2 0.526503 0.538935 0.034286 0.054537
2 0.552672 0.479829 0.029344 0.058380
