3 0.606208 0.607727 0.417552 0.750472
1 0.578719 0.591593 0.283896 0.465852
0 0.576109 0.606153 0.231427 0.378065
2 0.690810 0.549500 0.039859 0.050333
2 0.682240 0.628620 0.012813 0.009944
2 0.643956 0.745694 0.013547 0.028426
2 0.613698 0.806213 0.010042 0.092278
2 0.487068 0.675782 0.044813 0.027343
2 0.475740 0.611958 0.045552 0.018769
2 0.488365 0.526787 0.032281 0.058667
2 0.514031 0.470731 0.034948 0.071759
2 0.544339 0.403389 0.016604 0.055444
2 0.631349 0.464551 0.009490 0.024657
2 0.571729 0.797102 0.011052 0.079519
2 0.537815 0.781926 0.026724 0.077278
2 0.512010 0.737315 0.030271 0.070000
2 0.675797 0.470843 0.039062 0.069889
