3 0.596958 0.626199 0.417552 0.747602
1 0.577805 0.616819 0.286901 0.503639
0 0.579753 0.621838 0.225630 0.387880
2 0.471953 0.632343 0.041927 0.019574
2 0.480755 0.547815 0.035365 0.054370
2 0.628948 0.455537 0.018854 0.075370
2 0.568083 0.822880 0.011740 0.092926
2 0.538344 0.785657 0.016167 0.042204
2 0.518081 0.737972 0.014078 0.029611
2 0.502544 0.481282 0.036786 0.072620
2 0.588854 0.427593 0.007969 0.075463
2 0.608703 0.825157 0.009344 0.088296
2 0.671370 0.490222 0.043927 0.071556
2 0.536406 0.436981 0.019687 0.076741
2 0.688292 0.570009 0.047063 0.055574
2 0.648854 0.785856 0.033531 0.072028
2 0.676302 0.723764 0.041531 0.053176
2 0.485219 0.696796 0.044115 0.028037
2 0.709055 0.653046 0.051547 0.034907
