3 0.526732 0.648718 0.368870 0.674454
1 0.512276 0.638597 0.264604 0.451713
0 0.512383 0.655801 0.203401 0.360602
2 0.428628 0.710681 0.034745 0.018194
2 0.475872 0.485120 0.015682 0.069815
2 0.521557 0.468875 0.007000 0.088935
2 0.556872 0.494565 0.012828 0.075796
2 0.592836 0.530856 0.036547 0.069583
2 0.608581 0.594097 0.035641 0.063824
2 0.624589 0.682801 0.062990 0.036176
2 0.602036 0.741787 0.042250 0.049074
2 0.575469 0.801000 0.032656 0.073037
2 0.539766 0.827032 0.010760 0.075343
2 0.501008 0.830259 0.011547 0.085481
2 0.445732 0.772889 0.032932 0.063815
2 0.427078 0.583384 0.023583 0.040546
2 0.449305 0.529704 0.027349 0.059907
