0 0.525198 0.649856 0.191135 0.342769
1 0.523667 0.637815 0.266354 0.459500
2 0.437651 0.582630 0.031167 0.046444
2 0.620076 0.600528 0.034339 0.058426
2 0.533482 0.476292 0.004109 0.073324
2 0.630992 0.683324 0.043859 0.023556
2 0.457992 0.772403 0.034151 0.064361
2 0.438396 0.713347 0.040500 0.020565
2 0.567914 0.499500 0.009891 0.069370
2 0.605609 0.535662 0.033406 0.064731
2 0.486078 0.484588 0.020531 0.070009
2 0.457526 0.525894 0.033594 0.062380
2 0.552703 0.828972 0.010448 0.076648
2 0.514352 0.827977 0.012505 0.082620
2 0.484214 0.808898 0.024260 0.067019
2 0.612049 0.741551 0.038068 0.049769
2 0.586484 0.799444 0.029115 0.071333
3 0.535388 0.648255 0.376401 0.676639
