2 0.446516 0.488074 0.017167 0.078963
2 0.493635 0.480926 0.008771 0.078667
2 0.528443 0.503653 0.014552 0.076343
2 0.564182 0.544792 0.036021 0.063731
2 0.579766 0.609486 0.037698 0.057769
2 0.586109 0.692778 0.044417 0.024556
2 0.566141 0.750009 0.035083 0.048778
2 0.543654 0.810556 0.030422 0.071000
2 0.508659 0.839088 0.009703 0.080954
2 0.471148 0.840917 0.010453 0.081278
2 0.442875 0.817523 0.021458 0.069009
2 0.418057 0.780375 0.031531 0.059065
2 0.399112 0.721144 0.035089 0.020898
2 0.397151 0.591088 0.026688 0.048102
2 0.417773 0.532861 0.032099 0.066352
0 0.483961 0.663231 0.200057 0.351685
3 0.501745 0.659468 0.363781 0.676639
1 0.482443 0.654949 0.262937 0.462620
