0 0.502073 0.647875 0.205073 0.366546
3 0.521477 0.646384 0.365359 0.672898
1 0.497818 0.639370 0.258469 0.456389
2 0.507505 0.472296 0.008958 0.074685
2 0.543336 0.495852 0.017172 0.068704
2 0.577859 0.532514 0.035833 0.063065
2 0.593255 0.596380 0.037885 0.058093
2 0.603708 0.680500 0.057667 0.023222
2 0.584208 0.740718 0.039938 0.049435
2 0.559385 0.798282 0.033594 0.072991
2 0.524299 0.820014 0.005224 0.028194
2 0.490148 0.799611 0.005974 0.023222
2 0.458794 0.806907 0.021276 0.062370
2 0.432107 0.771407 0.032474 0.064370
2 0.412417 0.710028 0.040125 0.019907
2 0.412690 0.582468 0.024620 0.044139
2 0.433693 0.527884 0.027062 0.057731
2 0.462060 0.486583 0.015859 0.067352
