2 0.466576 0.480111 0.014370 0.059056
2 0.546826 0.487741 0.015120 0.069667
2 0.437836 0.519259 0.027432 0.059056
2 0.580979 0.528866 0.033031 0.057102
2 0.597586 0.587755 0.036766 0.060083
2 0.597867 0.676852 0.055245 0.013278
2 0.561661 0.786671 0.029115 0.062380
2 0.529563 0.821009 0.011198 0.078630
2 0.491398 0.818352 0.011755 0.086593
2 0.461258 0.798778 0.022766 0.066685
2 0.436159 0.764444 0.031911 0.063037
2 0.413854 0.707042 0.044042 0.025880
2 0.416656 0.575829 0.026125 0.044787
2 0.512393 0.463190 0.008214 0.076972
0 0.502352 0.641435 0.194484 0.353667
3 0.520161 0.640153 0.369740 0.676009
1 0.500885 0.630028 0.259344 0.443926
