2 0.486370 0.480042 0.006448 0.067898
2 0.557318 0.541194 0.036010 0.061204
2 0.571831 0.610227 0.036547 0.045435
2 0.389893 0.586366 0.029026 0.045380
2 0.392313 0.717250 0.036010 0.018685
2 0.441479 0.488880 0.015615 0.076963
2 0.521440 0.502736 0.012630 0.069324
1 0.475477 0.650278 0.261099 0.453278
2 0.412201 0.533333 0.027411 0.059722
2 0.576667 0.686694 0.037083 0.020537
0 0.474208 0.658773 0.195042 0.352676
3 0.494909 0.653856 0.364839 0.669157
2 0.465544 0.832861 0.007797 0.079833
2 0.504229 0.833343 0.011583 0.072185
2 0.538776 0.804227 0.029021 0.065454
2 0.562424 0.746894 0.037089 0.048250
2 0.411125 0.776968 0.031708 0.066454
2 0.436521 0.813514 0.021771 0.066935
