3 0.490703 0.663380 0.366938 0.673241
1 0.471534 0.653389 0.258474 0.443926
0 0.472258 0.667194 0.191141 0.351685
2 0.387727 0.599569 0.028380 0.047583
2 0.409336 0.545968 0.028380 0.059620
2 0.435953 0.499222 0.018406 0.069333
2 0.482216 0.490324 0.007099 0.070000
2 0.517047 0.511255 0.014833 0.075157
2 0.551872 0.555111 0.035474 0.055093
2 0.566224 0.621616 0.035792 0.045917
2 0.573318 0.697894 0.038375 0.021787
2 0.555583 0.755801 0.039021 0.045861
2 0.532365 0.815708 0.029990 0.070509
2 0.498826 0.844088 0.010641 0.075676
2 0.461076 0.843227 0.011964 0.085417
2 0.432214 0.824593 0.023896 0.069944
2 0.406578 0.788764 0.033250 0.065935
2 0.389164 0.728282 0.036474 0.022935
