2 0.416268 0.603583 0.028057 0.051019
2 0.437552 0.549125 0.029990 0.062491
2 0.466253 0.510421 0.017089 0.064213
2 0.511078 0.496347 0.006771 0.068287
2 0.546714 0.516125 0.012896 0.067713
2 0.583638 0.556259 0.035151 0.061981
2 0.598956 0.621042 0.034182 0.048213
2 0.603310 0.697032 0.038380 0.024657
2 0.589443 0.757231 0.040313 0.051019
2 0.565096 0.816569 0.027089 0.067657
2 0.531878 0.844949 0.012255 0.073954
2 0.463513 0.832019 0.014193 0.060833
2 0.438521 0.792171 0.029344 0.064843
2 0.418365 0.735417 0.036760 0.020130
0 0.502630 0.672148 0.192813 0.353667
3 0.522773 0.666181 0.363786 0.667639
1 0.504828 0.660403 0.254969 0.448602
