3 0.520161 0.651833 0.369740 0.680685
0 0.502909 0.654810 0.202286 0.354657
1 0.503951 0.633144 0.261974 0.437694
2 0.441982 0.532009 0.026182 0.054833
2 0.470042 0.489727 0.014646 0.060139
2 0.513969 0.479245 0.006625 0.067731
2 0.548961 0.501361 0.012068 0.065889
2 0.585385 0.534079 0.036156 0.068194
2 0.599964 0.597671 0.036292 0.062213
2 0.601909 0.687528 0.059359 0.023037
2 0.590245 0.742940 0.037583 0.050454
2 0.564326 0.798926 0.027474 0.064741
2 0.532247 0.831639 0.011276 0.081333
2 0.493036 0.828880 0.011677 0.085019
2 0.463424 0.811481 0.022693 0.067741
2 0.438542 0.773926 0.030990 0.062667
2 0.417479 0.714944 0.040448 0.023037
2 0.419367 0.584537 0.025276 0.042389
