2 0.608792 0.569157 0.037083 0.062556
2 0.623466 0.632222 0.032245 0.047648
2 0.632818 0.711366 0.041281 0.022361
2 0.618630 0.771847 0.038698 0.048157
2 0.594927 0.831759 0.032573 0.070519
2 0.493148 0.846370 0.021932 0.069963
1 0.528047 0.673644 0.259344 0.440806
2 0.537039 0.509819 0.006453 0.073435
2 0.467703 0.813102 0.030958 0.066556
2 0.446750 0.756065 0.041292 0.025833
3 0.549057 0.674593 0.365885 0.650815
0 0.531328 0.692458 0.203396 0.354657
2 0.492052 0.524181 0.017740 0.066509
2 0.465771 0.571481 0.029021 0.057907
2 0.444646 0.625657 0.030635 0.045870
2 0.571706 0.531319 0.011932 0.072861
