0 0.478667 0.666204 0.198385 0.349704
1 0.481172 0.647162 0.263729 0.447046
2 0.396076 0.595921 0.027411 0.045380
2 0.417841 0.541218 0.030099 0.061157
2 0.445253 0.498458 0.016661 0.067361
2 0.491612 0.483861 0.007255 0.072667
2 0.525875 0.511093 0.013438 0.067889
2 0.542807 0.812824 0.029021 0.069278
2 0.471443 0.840296 0.011042 0.080259
2 0.399414 0.725847 0.035755 0.020583
2 0.416219 0.786069 0.031740 0.063546
2 0.442555 0.821181 0.021526 0.067843
3 0.501219 0.662444 0.366937 0.675111
2 0.562424 0.549319 0.036547 0.059287
2 0.577609 0.614528 0.037354 0.051167
2 0.583385 0.694343 0.037625 0.018630
2 0.566591 0.754537 0.036818 0.049204
2 0.509346 0.841250 0.009943 0.071667
