1 0.475914 0.657282 0.263724 0.451713
3 0.493867 0.663380 0.364818 0.673241
2 0.435833 0.820944 0.022063 0.068315
2 0.390247 0.597722 0.025568 0.042796
2 0.412643 0.541657 0.028182 0.058722
2 0.440542 0.499519 0.012688 0.066685
2 0.485987 0.485565 0.005411 0.070704
2 0.520513 0.510620 0.012505 0.066389
2 0.556250 0.549935 0.035458 0.058759
2 0.569034 0.616287 0.033776 0.050130
2 0.583789 0.697204 0.016932 0.014815
2 0.547643 0.736861 0.007526 0.013852
2 0.535013 0.811148 0.026339 0.062111
2 0.502091 0.845792 0.009943 0.081694
2 0.464188 0.841491 0.008354 0.078833
2 0.409633 0.787264 0.033620 0.066880
2 0.392031 0.724917 0.039802 0.020537
0 0.475326 0.665708 0.206182 0.358620
