1 0.494753 0.641708 0.261099 0.451713
0 0.500680 0.654315 0.186682 0.349704
2 0.411711 0.591255 0.025943 0.043139
3 0.512784 0.650120 0.364839 0.676630
2 0.410495 0.717662 0.038073 0.021231
2 0.505859 0.484241 0.006344 0.063407
2 0.540292 0.505644 0.013625 0.068380
2 0.575378 0.546116 0.031911 0.052454
2 0.591615 0.604343 0.033781 0.060741
2 0.602065 0.694935 0.046099 0.031519
2 0.581070 0.747685 0.038818 0.048111
2 0.556622 0.802431 0.031724 0.068676
2 0.523125 0.832787 0.011010 0.078963
2 0.485146 0.837764 0.011198 0.088250
2 0.455471 0.813213 0.023141 0.067019
2 0.429531 0.777546 0.033969 0.063370
2 0.432518 0.535681 0.027995 0.057398
2 0.460979 0.495537 0.015490 0.060056
