1 0.452695 0.668190 0.262849 0.457935
0 0.449414 0.679579 0.201172 0.352676
2 0.464479 0.499500 0.009031 0.070000
2 0.366927 0.604731 0.028698 0.046444
2 0.389503 0.553134 0.029349 0.057898
2 0.418687 0.514435 0.015479 0.065352
2 0.498341 0.526731 0.012255 0.069426
2 0.533492 0.565435 0.032891 0.057389
3 0.473357 0.668051 0.363786 0.663898
2 0.370299 0.738319 0.036797 0.017750
2 0.388841 0.798227 0.029380 0.061917
2 0.414167 0.834352 0.023229 0.065370
2 0.442695 0.857560 0.011318 0.086565
2 0.480604 0.855838 0.010969 0.078546
2 0.512852 0.821731 0.029026 0.067648
2 0.537685 0.766403 0.034828 0.049880
2 0.556391 0.708500 0.038698 0.023500
2 0.548164 0.625912 0.035797 0.051083
