1 0.475039 0.649500 0.254964 0.454833
3 0.499117 0.658532 0.362734 0.674769
0 0.481174 0.662736 0.192255 0.356639
2 0.524711 0.509125 0.014932 0.068046
2 0.576219 0.612139 0.037323 0.054444
2 0.570620 0.694602 0.018667 0.026204
2 0.564555 0.753991 0.037141 0.050759
2 0.540667 0.809731 0.033031 0.070667
2 0.506328 0.840421 0.012875 0.080954
2 0.468349 0.841412 0.010823 0.088250
2 0.438490 0.821176 0.022771 0.070333
2 0.414508 0.783352 0.029672 0.065685
2 0.392674 0.723796 0.040495 0.024222
2 0.445208 0.496366 0.015302 0.072991
2 0.415909 0.537843 0.030234 0.067019
2 0.491771 0.482583 0.009146 0.070704
2 0.559516 0.550264 0.034896 0.056769
2 0.395380 0.593245 0.025750 0.043787
