2 0.546823 0.793139 0.031167 0.072000
2 0.401635 0.576833 0.023708 0.042815
2 0.421693 0.518593 0.029115 0.063704
2 0.450060 0.477292 0.014932 0.071991
2 0.496250 0.470319 0.008771 0.064694
2 0.529948 0.492407 0.016042 0.068333
2 0.566328 0.528866 0.037698 0.059083
2 0.580977 0.590741 0.036016 0.055444
2 0.587229 0.673870 0.049271 0.027870
2 0.570807 0.734912 0.037698 0.049102
2 0.513141 0.821338 0.011198 0.076639
2 0.475161 0.822667 0.010635 0.083278
2 0.445115 0.802931 0.022208 0.069009
2 0.420294 0.765769 0.032661 0.066352
2 0.400513 0.706384 0.039005 0.021898
3 0.503846 0.645449 0.363786 0.674769
1 0.485992 0.634699 0.261099 0.465731
0 0.489534 0.638463 0.192255 0.341778
