1 0.467154 0.651833 0.258474 0.456389
3 0.489654 0.661509 0.364839 0.676981
0 0.465294 0.662736 0.192807 0.356639
2 0.564773 0.611870 0.038057 0.052796
2 0.384971 0.593810 0.027443 0.047639
2 0.405125 0.536477 0.030344 0.063694
2 0.429312 0.819435 0.023250 0.068796
2 0.458659 0.837495 0.010349 0.080843
2 0.496727 0.836921 0.011609 0.078546
2 0.528654 0.805407 0.026443 0.068259
2 0.554937 0.750639 0.035792 0.050444
2 0.572029 0.691875 0.037734 0.022361
2 0.549779 0.546796 0.035797 0.060259
2 0.513174 0.510968 0.013547 0.063120
2 0.480281 0.484019 0.009031 0.071148
2 0.433026 0.494060 0.015198 0.070583
2 0.386422 0.721403 0.038729 0.020639
2 0.404000 0.781597 0.031958 0.065361
