0 0.472818 0.673139 0.203396 0.353667
2 0.567445 0.695764 0.019036 0.015917
3 0.492807 0.664315 0.364833 0.671370
2 0.486359 0.493713 0.007281 0.065685
2 0.521073 0.517912 0.013250 0.068380
2 0.557089 0.555407 0.036021 0.059093
1 0.471974 0.651833 0.257594 0.447037
2 0.571646 0.615125 0.036021 0.060417
2 0.564555 0.761787 0.043859 0.049759
2 0.536466 0.817690 0.029484 0.070009
2 0.502781 0.847718 0.012875 0.075639
2 0.463872 0.846889 0.010078 0.082611
2 0.434570 0.827481 0.023141 0.066352
2 0.408443 0.790486 0.032844 0.062713
2 0.389409 0.727949 0.038818 0.017917
2 0.389128 0.598222 0.026318 0.047778
2 0.412083 0.548125 0.026312 0.055731
2 0.440542 0.502505 0.015302 0.066694
