1 0.483802 0.649495 0.256719 0.451713
3 0.501745 0.655727 0.365885 0.665417
2 0.493732 0.480273 0.008214 0.083935
0 0.481174 0.657782 0.197828 0.350694
2 0.419174 0.537676 0.030047 0.059389
2 0.397992 0.592583 0.027620 0.046444
2 0.399018 0.721144 0.038255 0.020898
2 0.418055 0.782028 0.031536 0.062370
2 0.443622 0.818356 0.022953 0.070009
2 0.472828 0.838593 0.011573 0.081944
2 0.511552 0.839421 0.011385 0.077639
2 0.544867 0.809731 0.030234 0.075315
2 0.569128 0.750176 0.036578 0.047111
2 0.589935 0.690287 0.049453 0.026870
2 0.579951 0.605671 0.037328 0.063398
2 0.565208 0.543963 0.035833 0.066722
2 0.527789 0.509120 0.012505 0.066722
2 0.447169 0.496366 0.016609 0.065694
