2 0.494971 0.846505 0.011828 0.080269
3 0.487552 0.662444 0.366937 0.675111
2 0.383578 0.597116 0.029292 0.049694
2 0.405346 0.547190 0.026609 0.056861
2 0.433026 0.502519 0.014781 0.066889
2 0.479250 0.489116 0.007260 0.078398
2 0.513513 0.513727 0.015047 0.069324
2 0.549794 0.552185 0.037089 0.061204
2 0.563232 0.616204 0.033859 0.058333
2 0.569948 0.698644 0.037625 0.022454
2 0.551674 0.755255 0.037620 0.045861
2 0.528833 0.814495 0.027948 0.067843
2 0.457469 0.846028 0.011583 0.083130
2 0.429250 0.825958 0.021260 0.067843
2 0.403049 0.788458 0.032276 0.064491
2 0.385313 0.726829 0.037646 0.019583
1 0.469344 0.658847 0.262854 0.464176
0 0.466409 0.670662 0.198380 0.360602
