2 0.487758 0.485583 0.007089 0.072667
2 0.392021 0.591421 0.027250 0.045454
2 0.414602 0.536181 0.027995 0.064361
2 0.442130 0.496204 0.017354 0.066685
2 0.522750 0.510134 0.014740 0.069343
2 0.556529 0.549269 0.034151 0.060093
2 0.571924 0.611639 0.036203 0.058093
2 0.571273 0.701898 0.025193 0.039481
2 0.559237 0.750343 0.033964 0.046778
2 0.535833 0.806444 0.027062 0.064370
2 0.502503 0.839755 0.011943 0.079620
2 0.464430 0.840250 0.010453 0.085926
2 0.434664 0.819352 0.024443 0.071333
2 0.414135 0.778375 0.023698 0.060380
2 0.392115 0.720981 0.036021 0.020574
1 0.473727 0.647940 0.254089 0.445491
0 0.479781 0.660755 0.185010 0.348713
3 0.495964 0.659458 0.369042 0.680398
