2 0.445023 0.715343 0.039193 0.019907
2 0.464057 0.774231 0.034708 0.063370
2 0.489813 0.810889 0.023885 0.064370
2 0.519018 0.831958 0.013255 0.083935
2 0.558302 0.832125 0.010823 0.080287
2 0.592643 0.803259 0.029859 0.073648
2 0.619237 0.742046 0.043109 0.048111
2 0.640044 0.689296 0.045911 0.024889
2 0.624182 0.604838 0.033219 0.060417
2 0.610742 0.539481 0.034714 0.066389
2 0.444461 0.589431 0.032849 0.052750
2 0.464805 0.533194 0.034714 0.064370
2 0.574539 0.503167 0.010453 0.068019
2 0.538333 0.479444 0.004479 0.070333
1 0.529362 0.640931 0.267234 0.465731
3 0.537492 0.655731 0.376401 0.684111
2 0.493078 0.495866 0.019219 0.061380
0 0.529935 0.650847 0.198380 0.348713
