0 0.495385 0.651343 0.196156 0.339796
3 0.511208 0.651986 0.365885 0.672898
2 0.410951 0.587282 0.030443 0.049750
2 0.484773 0.838097 0.012318 0.089583
1 0.494753 0.651056 0.264599 0.473519
2 0.412271 0.718306 0.035646 0.018611
2 0.523315 0.835111 0.011005 0.077630
2 0.556716 0.806245 0.028557 0.070343
2 0.582378 0.750505 0.038818 0.052417
2 0.602625 0.693940 0.049458 0.032843
2 0.591148 0.604509 0.034714 0.061074
2 0.576406 0.542301 0.033594 0.061417
2 0.540479 0.508958 0.010635 0.067046
2 0.506609 0.481755 0.004479 0.071694
2 0.460138 0.488898 0.017911 0.071333
2 0.432891 0.532861 0.030979 0.061704
2 0.430651 0.777880 0.031729 0.062037
2 0.456313 0.813380 0.022583 0.064704
