0 0.537180 0.654810 0.202839 0.358620
3 0.546885 0.647162 0.377625 0.674454
1 0.535492 0.639370 0.261974 0.431463
2 0.471659 0.530741 0.030328 0.056444
2 0.497128 0.486042 0.020089 0.066583
2 0.544497 0.475556 0.003109 0.071426
2 0.580849 0.497560 0.011792 0.071657
2 0.616617 0.535574 0.034089 0.064741
2 0.632365 0.599167 0.035510 0.059667
2 0.647591 0.684532 0.048599 0.024417
2 0.624716 0.740861 0.039141 0.045852
2 0.599057 0.798810 0.030323 0.071880
2 0.565169 0.829912 0.010755 0.078343
2 0.526086 0.827032 0.011932 0.080417
2 0.495953 0.808949 0.023729 0.064509
2 0.470099 0.771625 0.033708 0.061287
2 0.448391 0.715519 0.044979 0.024648
2 0.450016 0.585227 0.024625 0.038713
