1 0.517977 0.637037 0.219911 0.429907
3 0.532430 0.645602 0.346964 0.665111
0 0.509307 0.652829 0.198406 0.354657
2 0.439570 0.531042 0.027995 0.063361
2 0.468339 0.493370 0.011656 0.054370
2 0.512292 0.476667 0.006979 0.063889
2 0.547076 0.497162 0.014901 0.072139
2 0.584203 0.534713 0.037583 0.061074
2 0.599951 0.594269 0.039526 0.063611
2 0.611552 0.683792 0.049250 0.022806
2 0.592628 0.745079 0.047172 0.055991
2 0.564247 0.799444 0.029807 0.069333
2 0.530487 0.828944 0.011016 0.076259
2 0.492443 0.830903 0.009865 0.083398
2 0.467753 0.796343 0.011286 0.035019
