3 0.472831 0.673657 0.366943 0.652685
1 0.450945 0.683769 0.247078 0.470407
2 0.552703 0.642167 0.035458 0.062741
2 0.538427 0.579296 0.034896 0.065722
2 0.503060 0.542486 0.011943 0.069676
2 0.416469 0.851037 0.026125 0.066352
0 0.456656 0.688491 0.195594 0.338815
2 0.446049 0.869944 0.012130 0.082944
2 0.392302 0.813046 0.033406 0.062037
2 0.373820 0.752509 0.036005 0.021870
2 0.483466 0.872769 0.009703 0.081944
2 0.553544 0.726287 0.027807 0.021241
2 0.541786 0.785014 0.038635 0.049769
2 0.517526 0.841083 0.028177 0.072333
2 0.393698 0.566204 0.033219 0.067352
2 0.422440 0.521583 0.019786 0.077630
2 0.468721 0.519259 0.005224 0.066352
2 0.372331 0.620620 0.029297 0.047444
