2 0.471896 0.843236 0.012312 0.084602
2 0.509221 0.842907 0.011943 0.081278
2 0.447076 0.499852 0.017172 0.070667
2 0.492237 0.490542 0.005974 0.076676
2 0.527510 0.514597 0.013062 0.068380
2 0.563901 0.551593 0.035458 0.063407
2 0.577805 0.613463 0.035641 0.058426
0 0.479781 0.668681 0.200615 0.358620
2 0.582469 0.696593 0.039750 0.024222
2 0.567727 0.752662 0.038630 0.046120
2 0.419919 0.542648 0.029672 0.058722
2 0.397526 0.595898 0.027063 0.047111
2 0.398924 0.725625 0.036578 0.017917
2 0.417495 0.786833 0.031917 0.063370
2 0.443154 0.823000 0.020901 0.066019
2 0.543747 0.813546 0.029859 0.067019
3 0.501219 0.661509 0.366937 0.676981
1 0.481609 0.654167 0.257594 0.457944
