2 0.623786 0.701907 0.038052 0.025222
2 0.435456 0.613046 0.027734 0.044722
2 0.454966 0.558866 0.031922 0.060194
2 0.483185 0.515866 0.019995 0.064787
2 0.527846 0.498907 0.008057 0.070037
2 0.562677 0.520426 0.013865 0.069426
2 0.599924 0.557977 0.036120 0.063120
2 0.614435 0.620185 0.036120 0.056815
2 0.607021 0.763542 0.039344 0.048731
2 0.584607 0.823736 0.033214 0.073954
2 0.483005 0.835491 0.022927 0.069944
2 0.456417 0.799338 0.030312 0.061972
2 0.438503 0.740606 0.037766 0.021213
0 0.515443 0.679120 0.208385 0.395278
1 0.518846 0.654949 0.260224 0.440806
3 0.539068 0.669921 0.366937 0.660157
