3 0.479146 0.662273 0.362750 0.671028
2 0.373826 0.601708 0.025943 0.045454
2 0.395099 0.547958 0.029302 0.062046
2 0.423654 0.507315 0.015859 0.065685
2 0.468815 0.494523 0.007651 0.068046
2 0.503901 0.517583 0.012875 0.067722
2 0.538146 0.557231 0.033219 0.059426
2 0.543185 0.636028 0.014557 0.019944
2 0.557836 0.697755 0.046099 0.029861
2 0.544680 0.758801 0.036578 0.047769
2 0.519766 0.817028 0.030792 0.069333
2 0.487013 0.848218 0.012693 0.077306
2 0.448380 0.848213 0.010448 0.081944
2 0.419081 0.828806 0.022391 0.069667
2 0.393234 0.792810 0.032656 0.068009
2 0.374849 0.729755 0.037698 0.018935
1 0.457078 0.655727 0.252333 0.436139
0 0.460557 0.664222 0.190021 0.337815
