2 0.479906 0.821421 0.011313 0.086472
2 0.517547 0.823093 0.010750 0.081222
2 0.500211 0.466426 0.008328 0.075056
2 0.534880 0.491986 0.014781 0.071713
2 0.568604 0.534028 0.034396 0.048778
2 0.585669 0.596134 0.036818 0.045917
2 0.595747 0.676185 0.053214 0.031056
2 0.575997 0.734713 0.039505 0.052556
2 0.552482 0.792037 0.028484 0.068796
2 0.405750 0.577292 0.025260 0.044435
2 0.426979 0.521630 0.029021 0.061148
2 0.405880 0.706065 0.034177 0.016204
2 0.424818 0.766481 0.031740 0.064500
2 0.454794 0.479588 0.015859 0.072620
0 0.494271 0.650352 0.207302 0.371500
2 0.450883 0.800880 0.021526 0.068315
1 0.490810 0.637037 0.263724 0.464167
3 0.510680 0.642644 0.362734 0.676639
