2 0.440411 0.527222 0.029302 0.062370
2 0.468685 0.485588 0.016797 0.069343
2 0.514875 0.475778 0.009521 0.065722
2 0.550240 0.493199 0.018292 0.077343
2 0.586167 0.532681 0.039375 0.063398
2 0.601841 0.596218 0.040495 0.061083
2 0.611174 0.681829 0.049828 0.023231
2 0.592698 0.742546 0.044604 0.055741
2 0.567784 0.798782 0.035089 0.073991
2 0.533911 0.827977 0.014000 0.078639
2 0.494906 0.829639 0.011760 0.086593
2 0.466818 0.806579 0.020156 0.064361
1 0.519276 0.635477 0.227823 0.451713
3 0.534180 0.647162 0.348714 0.677565
0 0.512661 0.650847 0.202844 0.370509
