0 0.488724 0.655972 0.214115 0.364537
1 0.484867 0.658810 0.258589 0.455213
2 0.509917 0.828032 0.011083 0.075880
2 0.472185 0.829106 0.010286 0.080287
2 0.442138 0.810384 0.024453 0.065454
2 0.416914 0.775083 0.032276 0.064500
2 0.398776 0.714167 0.037385 0.023889
2 0.398641 0.585625 0.023677 0.044954
2 0.420005 0.531875 0.027167 0.056898
2 0.449031 0.501301 0.011583 0.045435
2 0.492445 0.481236 0.009141 0.061676
2 0.527380 0.502019 0.016125 0.062148
2 0.563005 0.535944 0.038552 0.057630
2 0.567958 0.741875 0.038698 0.051602
2 0.544177 0.798491 0.030906 0.067370
2 0.577336 0.603625 0.033984 0.039991
3 0.503839 0.649847 0.361802 0.667843
