2 0.459859 0.851537 0.010635 0.086593
2 0.385021 0.603032 0.027063 0.046787
2 0.405552 0.548954 0.029302 0.061370
2 0.435411 0.506153 0.015865 0.064694
2 0.481693 0.498509 0.008396 0.069370
2 0.517057 0.515926 0.015677 0.077667
2 0.551490 0.556731 0.036021 0.062407
2 0.565768 0.618111 0.039193 0.065056
2 0.564555 0.705222 0.021089 0.019574
2 0.554289 0.761787 0.038255 0.047111
2 0.531430 0.819685 0.030234 0.066685
2 0.497742 0.849375 0.012505 0.077639
2 0.430372 0.831958 0.023703 0.071991
2 0.405365 0.792977 0.030417 0.065028
2 0.387260 0.732093 0.036021 0.016926
1 0.474161 0.660403 0.263729 0.442361
3 0.491229 0.666181 0.365885 0.667639
0 0.469195 0.669671 0.199495 0.358620
