2 0.393328 0.727287 0.037698 0.019907
2 0.412737 0.787500 0.032474 0.064037
2 0.394167 0.596894 0.026688 0.045787
2 0.415164 0.542315 0.029859 0.063370
2 0.442688 0.498523 0.017729 0.071324
2 0.489250 0.494046 0.006344 0.070333
2 0.525083 0.514449 0.013063 0.069343
2 0.560542 0.550778 0.035458 0.059722
2 0.577432 0.614810 0.040500 0.051750
2 0.582656 0.699250 0.042365 0.028204
2 0.563622 0.756644 0.040495 0.050102
2 0.539266 0.812380 0.028740 0.067352
2 0.505956 0.845394 0.010266 0.084935
2 0.468164 0.842407 0.012318 0.082944
1 0.478542 0.652616 0.265479 0.464176
3 0.496487 0.661509 0.367995 0.676981
0 0.479503 0.658773 0.192255 0.340787
2 0.438211 0.822667 0.023703 0.066685
