0 0.491484 0.650352 0.200615 0.351685
2 0.404805 0.580968 0.025193 0.045120
3 0.509630 0.653861 0.362729 0.680370
1 0.490372 0.647162 0.264599 0.456380
2 0.425799 0.525560 0.029859 0.064361
2 0.453698 0.485917 0.015490 0.063370
2 0.500638 0.470657 0.010078 0.078630
2 0.534695 0.499333 0.015859 0.066389
2 0.569221 0.537491 0.034901 0.055778
2 0.585456 0.596880 0.037141 0.054444
2 0.597026 0.682495 0.055802 0.037157
2 0.575753 0.740551 0.039005 0.053083
2 0.550185 0.796620 0.029297 0.071000
2 0.517151 0.825986 0.011010 0.077972
2 0.478987 0.826815 0.009703 0.082278
2 0.450714 0.806264 0.019969 0.065065
2 0.424120 0.772069 0.030604 0.061713
2 0.404896 0.709366 0.037698 0.017250
