2 0.462995 0.478120 0.015490 0.070333
2 0.458701 0.796273 0.021839 0.064398
2 0.585141 0.729935 0.039937 0.048444
2 0.602534 0.668954 0.043297 0.023889
2 0.594505 0.591801 0.037698 0.045491
2 0.577990 0.526773 0.033406 0.053454
2 0.526445 0.815866 0.012505 0.076306
2 0.413727 0.573505 0.025193 0.044120
2 0.488841 0.805083 0.007839 0.056741
2 0.542440 0.489282 0.014182 0.066713
2 0.559570 0.785014 0.029484 0.064361
2 0.414753 0.700389 0.038443 0.019278
2 0.432385 0.761606 0.031167 0.065398
2 0.507820 0.468046 0.008401 0.066056
2 0.433414 0.514944 0.031724 0.067685
0 0.499286 0.641912 0.215104 0.372528
1 0.497815 0.624574 0.261984 0.448593
3 0.516745 0.639060 0.366240 0.674454
