2 0.571547 0.694454 0.039990 0.027519
3 0.489654 0.661509 0.366943 0.676981
2 0.530268 0.807972 0.029026 0.068796
2 0.554776 0.750069 0.035469 0.048157
2 0.565258 0.613875 0.037089 0.046491
2 0.549294 0.549662 0.034182 0.052231
2 0.514305 0.506954 0.011932 0.071148
2 0.480120 0.482588 0.008063 0.071713
2 0.434328 0.495231 0.017094 0.068222
2 0.406755 0.539088 0.028375 0.058472
1 0.468466 0.656505 0.262849 0.453269
2 0.497042 0.841509 0.010333 0.079685
2 0.431086 0.815708 0.021641 0.064787
2 0.404005 0.781028 0.032615 0.066500
2 0.383536 0.591259 0.028375 0.047019
2 0.387227 0.721116 0.037120 0.021213
0 0.468638 0.661745 0.195036 0.344750
2 0.460432 0.831472 0.010031 0.069944
