2 0.503167 0.841250 0.012094 0.075481
2 0.390969 0.595204 0.026333 0.044907
2 0.412198 0.541218 0.027948 0.058287
2 0.439612 0.494875 0.017734 0.072620
2 0.486372 0.483625 0.005911 0.073139
2 0.520904 0.507032 0.012630 0.071231
2 0.556914 0.549079 0.035203 0.058806
2 0.571563 0.610949 0.040312 0.050694
2 0.576667 0.690282 0.038698 0.020065
2 0.570352 0.765287 0.021766 0.027704
2 0.527354 0.788218 0.007792 0.021028
2 0.466068 0.841014 0.010510 0.081694
2 0.435565 0.821662 0.023141 0.070713
2 0.410576 0.783444 0.032276 0.064019
2 0.392839 0.722764 0.038187 0.020065
1 0.474602 0.650273 0.262849 0.465731
0 0.474487 0.665708 0.201172 0.360602
3 0.494385 0.659639 0.365885 0.680722
