2 0.424867 0.532347 0.029484 0.056769
2 0.497745 0.479759 0.006531 0.070370
2 0.532828 0.504315 0.012500 0.069704
2 0.568846 0.539810 0.034526 0.063731
2 0.583682 0.596880 0.037698 0.070370
2 0.592456 0.685810 0.045536 0.025213
2 0.572581 0.745032 0.036766 0.052083
2 0.549065 0.804588 0.030797 0.072324
2 0.514911 0.833620 0.011385 0.078630
2 0.476747 0.835111 0.010078 0.084278
2 0.447073 0.811722 0.024635 0.066685
2 0.423375 0.774065 0.029115 0.060389
2 0.403406 0.716500 0.038073 0.022222
2 0.403591 0.587255 0.026870 0.045157
2 0.452299 0.490727 0.016047 0.066361
3 0.505951 0.652921 0.365891 0.674769
1 0.486430 0.646380 0.254964 0.470407
0 0.486747 0.650352 0.208974 0.369519
