2 0.566888 0.692616 0.040682 0.021565
2 0.550464 0.751005 0.033594 0.045454
2 0.528443 0.811222 0.029490 0.068352
2 0.494664 0.841579 0.010453 0.077972
2 0.456779 0.840583 0.010078 0.079296
2 0.427852 0.820343 0.021651 0.066685
0 0.466966 0.666204 0.197266 0.351685
2 0.511461 0.511444 0.011943 0.066056
2 0.547292 0.548940 0.034708 0.060083
2 0.476841 0.489880 0.006161 0.067389
2 0.560823 0.616787 0.031542 0.045815
2 0.430651 0.497694 0.017542 0.069667
2 0.403872 0.541986 0.027807 0.058065
2 0.380544 0.591583 0.030047 0.051093
2 0.382130 0.727444 0.041427 0.023556
2 0.402284 0.784681 0.029859 0.061713
3 0.484396 0.661509 0.369042 0.676981
1 0.463648 0.650255 0.256714 0.456343
