2 0.604617 0.675944 0.047839 0.025796
2 0.529370 0.823097 0.010208 0.074528
2 0.594940 0.599722 0.033859 0.044481
2 0.579354 0.537611 0.032250 0.046389
2 0.547229 0.495593 0.016958 0.068315
2 0.512292 0.470986 0.009969 0.067843
2 0.465544 0.482931 0.014776 0.064972
2 0.438141 0.525921 0.027156 0.054454
2 0.417172 0.581588 0.022302 0.038694
2 0.416875 0.709134 0.035208 0.017713
2 0.436099 0.770056 0.029573 0.063074
2 0.462440 0.803509 0.020984 0.066889
2 0.491599 0.824046 0.008896 0.083130
0 0.500122 0.643417 0.204516 0.351685
1 0.502638 0.633921 0.261099 0.467287
2 0.586880 0.737815 0.037625 0.049204
2 0.563490 0.792269 0.029583 0.065463
3 0.520669 0.646403 0.363786 0.672935
