2 0.472115 0.834319 0.011854 0.084565
2 0.417823 0.777944 0.029042 0.061630
2 0.396331 0.718708 0.042484 0.020546
3 0.501745 0.654792 0.363781 0.674769
2 0.511365 0.836472 0.012896 0.081222
2 0.544820 0.807088 0.032516 0.075009
2 0.568740 0.745935 0.036281 0.047296
2 0.443227 0.813542 0.021797 0.067843
2 0.527221 0.503213 0.012901 0.073148
2 0.563365 0.541194 0.035740 0.061204
2 0.577609 0.609278 0.036281 0.046389
2 0.584729 0.686694 0.037625 0.023407
2 0.396208 0.588755 0.026604 0.047306
2 0.446060 0.490338 0.016661 0.072139
2 0.417844 0.533097 0.030635 0.064972
0 0.484240 0.657287 0.195042 0.347722
1 0.481172 0.649495 0.260219 0.451713
2 0.492552 0.481713 0.008063 0.071241
