2 0.550372 0.482917 0.012130 0.066056
2 0.584336 0.519574 0.032661 0.058426
2 0.600945 0.576306 0.036016 0.061741
2 0.608411 0.659769 0.056917 0.023556
2 0.590961 0.721310 0.038443 0.051750
3 0.522792 0.634699 0.367990 0.674454
1 0.507456 0.620685 0.260224 0.431463
2 0.442878 0.755653 0.032286 0.061380
0 0.509318 0.630542 0.190583 0.341787
2 0.443344 0.514782 0.028740 0.057398
2 0.423000 0.570019 0.025385 0.043796
2 0.467792 0.790153 0.024635 0.064028
2 0.496810 0.809894 0.012130 0.081620
2 0.535813 0.809231 0.011010 0.075648
2 0.567073 0.778708 0.029115 0.072324
2 0.424029 0.695764 0.036766 0.015269
2 0.470497 0.469162 0.019224 0.068343
2 0.515471 0.461843 0.005411 0.065722
