2 0.523776 0.830963 0.028365 0.069333
2 0.542906 0.567685 0.036021 0.062407
2 0.507260 0.528532 0.011010 0.069713
0 0.465573 0.678588 0.186677 0.340787
2 0.473763 0.503481 0.005974 0.074685
2 0.427758 0.515611 0.016609 0.071667
2 0.397992 0.556417 0.030609 0.062370
2 0.375971 0.609171 0.029484 0.050435
2 0.380076 0.739560 0.033964 0.018583
2 0.397432 0.801417 0.031354 0.063407
2 0.421880 0.840088 0.023885 0.068343
2 0.451461 0.858171 0.011380 0.081287
2 0.489159 0.859662 0.009516 0.075639
2 0.548690 0.772903 0.036391 0.052083
2 0.564927 0.716833 0.044979 0.036833
2 0.557648 0.633375 0.032286 0.051787
1 0.462333 0.676759 0.259344 0.471963
3 0.480193 0.668986 0.369042 0.662028
