2 0.473510 0.500361 0.008385 0.067130
2 0.506885 0.524440 0.015156 0.068287
2 0.542036 0.566292 0.037729 0.055676
2 0.557190 0.631671 0.037078 0.047602
0 0.460279 0.679579 0.193922 0.360602
1 0.460581 0.665074 0.262849 0.467296
2 0.426589 0.512139 0.016448 0.069944
2 0.561065 0.707069 0.037089 0.021787
2 0.546070 0.766977 0.036766 0.047583
2 0.522365 0.824880 0.030635 0.070519
2 0.488344 0.858704 0.010969 0.081981
2 0.451727 0.855556 0.011318 0.086000
2 0.422703 0.833769 0.022927 0.071093
2 0.398193 0.797653 0.030021 0.060769
2 0.375940 0.740606 0.042276 0.025806
2 0.379505 0.609894 0.024833 0.045287
2 0.399339 0.552847 0.030313 0.065361
3 0.482294 0.668051 0.364839 0.663898
