2 0.419482 0.581810 0.033234 0.057880
2 0.439326 0.526185 0.034182 0.070519
2 0.469315 0.483190 0.019349 0.076250
2 0.516552 0.468824 0.008042 0.077463
2 0.549456 0.498931 0.012578 0.064269
2 0.586216 0.535616 0.035151 0.061972
2 0.602021 0.601264 0.039667 0.052231
2 0.607503 0.679551 0.037089 0.020639
2 0.591542 0.742611 0.038698 0.051593
2 0.566706 0.797074 0.027089 0.067648
2 0.533977 0.828032 0.009995 0.074528
2 0.496068 0.830046 0.010354 0.083130
2 0.468333 0.806250 0.020667 0.067648
2 0.441250 0.772153 0.032292 0.068194
2 0.423026 0.710778 0.036469 0.016593
0 0.503745 0.646884 0.202844 0.364565
1 0.505706 0.647162 0.260224 0.447046
3 0.523823 0.647319 0.365885 0.671028
