1 0.489932 0.630028 0.258469 0.443926
0 0.492878 0.649856 0.200057 0.360602
3 0.510086 0.642486 0.368870 0.674454
2 0.500635 0.469806 0.009333 0.066389
2 0.405831 0.577153 0.025005 0.044787
2 0.426453 0.519426 0.028177 0.066019
2 0.455380 0.477954 0.014000 0.068019
2 0.535534 0.490213 0.016047 0.067389
2 0.571180 0.528532 0.035089 0.055769
2 0.585924 0.586431 0.036953 0.060083
2 0.592362 0.672375 0.050578 0.029528
2 0.576966 0.735083 0.039193 0.051426
2 0.550839 0.790819 0.028365 0.068676
2 0.517805 0.819685 0.010453 0.075315
2 0.480294 0.818356 0.009703 0.080620
2 0.450529 0.800755 0.021464 0.065398
2 0.424961 0.764444 0.030047 0.063704
2 0.405365 0.705222 0.038635 0.019574
