0 0.477552 0.662736 0.202844 0.358620
3 0.495961 0.660574 0.366943 0.678852
2 0.390995 0.592417 0.027437 0.046778
2 0.522844 0.509787 0.013437 0.070704
2 0.413482 0.539662 0.029109 0.060713
2 0.442784 0.499681 0.014182 0.065028
2 0.488693 0.487227 0.006719 0.072694
2 0.559049 0.548773 0.034339 0.056435
1 0.476354 0.650278 0.257594 0.453278
2 0.573698 0.613301 0.037510 0.057435
2 0.570898 0.690787 0.021464 0.015926
2 0.562409 0.753991 0.034714 0.046111
2 0.539547 0.812384 0.029302 0.064694
2 0.505581 0.840917 0.010641 0.077296
2 0.466763 0.842241 0.009891 0.081944
2 0.437557 0.822005 0.022396 0.068009
2 0.411430 0.784676 0.032099 0.063037
2 0.393422 0.725625 0.037885 0.014602
