3 0.492281 0.654792 0.365885 0.674769
2 0.410560 0.530051 0.029349 0.064176
2 0.483763 0.478718 0.005484 0.063639
2 0.519076 0.501079 0.013547 0.065935
2 0.554065 0.540926 0.033859 0.056185
2 0.568740 0.607144 0.034833 0.048731
2 0.576802 0.684532 0.040635 0.020065
2 0.558742 0.744162 0.038057 0.049880
2 0.533911 0.802926 0.029667 0.069944
2 0.501180 0.833597 0.011286 0.078546
2 0.462966 0.833593 0.011609 0.083130
2 0.435229 0.810093 0.021927 0.069370
2 0.407987 0.774523 0.031943 0.063676
2 0.389760 0.713778 0.037406 0.015481
2 0.388630 0.583634 0.029344 0.048731
2 0.439745 0.489606 0.012896 0.062491
0 0.471701 0.657287 0.196714 0.359611
1 0.474164 0.644046 0.260224 0.456389
