2 0.385148 0.592403 0.027089 0.048157
2 0.407560 0.539662 0.029349 0.061917
2 0.434490 0.491792 0.018062 0.072806
2 0.482219 0.482875 0.008385 0.074583
2 0.515432 0.505236 0.014833 0.076880
2 0.552036 0.547944 0.038375 0.061407
2 0.566870 0.612153 0.037083 0.051083
2 0.573318 0.692157 0.040313 0.026370
2 0.556068 0.749778 0.038052 0.049870
2 0.431893 0.819148 0.021964 0.065926
2 0.406904 0.782458 0.031307 0.062491
3 0.491229 0.661509 0.365885 0.676981
0 0.469753 0.664718 0.196151 0.360602
2 0.387875 0.721690 0.039052 0.020065
1 0.470656 0.651833 0.258469 0.443926
2 0.531396 0.807398 0.028052 0.067648
2 0.498503 0.839787 0.012578 0.080833
2 0.460596 0.839500 0.012286 0.087148
