2 0.411268 0.619060 0.029026 0.047583
1 0.496943 0.661958 0.260219 0.420565
2 0.435294 0.808801 0.029349 0.063694
2 0.423516 0.743444 0.051615 0.027000
2 0.528010 0.863005 0.012896 0.080269
3 0.516464 0.672722 0.363781 0.654556
0 0.493992 0.682056 0.198943 0.365556
2 0.431747 0.566606 0.030641 0.060769
2 0.459802 0.525616 0.016448 0.060194
2 0.505276 0.506667 0.008063 0.075167
2 0.540263 0.528454 0.012901 0.069426
2 0.577349 0.565144 0.038698 0.061398
2 0.591701 0.634519 0.034505 0.043056
2 0.598794 0.709644 0.035797 0.020065
2 0.582833 0.768125 0.037406 0.046435
2 0.560258 0.829472 0.029026 0.069370
