1 0.474164 0.654171 0.261974 0.470398
3 0.494909 0.659468 0.364839 0.676639
2 0.389128 0.590755 0.027807 0.046120
2 0.412643 0.538171 0.027057 0.058398
2 0.440076 0.497194 0.015120 0.066019
2 0.486172 0.485069 0.007281 0.068380
2 0.520977 0.505806 0.012318 0.073352
2 0.556156 0.543796 0.035646 0.066389
2 0.570341 0.605838 0.034526 0.061083
2 0.566982 0.692116 0.025943 0.022565
2 0.562221 0.752495 0.038068 0.049102
2 0.537026 0.807569 0.028740 0.069009
2 0.502875 0.839593 0.010448 0.078630
2 0.464057 0.837102 0.010448 0.083611
2 0.435036 0.818685 0.022208 0.070000
2 0.409935 0.780204 0.032839 0.063370
2 0.392018 0.719468 0.034339 0.016954
0 0.476995 0.661745 0.206187 0.358620
