0 0.475044 0.654315 0.198943 0.357630
2 0.443995 0.486745 0.015490 0.067676
2 0.489065 0.477954 0.007839 0.070667
2 0.523880 0.501491 0.011406 0.068722
2 0.559898 0.536986 0.036036 0.063417
2 0.573701 0.599204 0.036766 0.061741
2 0.587414 0.687468 0.049641 0.026546
2 0.413203 0.528551 0.028927 0.057731
2 0.391273 0.715338 0.043297 0.022565
1 0.476354 0.642486 0.255844 0.453269
2 0.562596 0.740722 0.036203 0.046778
2 0.539919 0.800278 0.030047 0.067019
2 0.392021 0.583954 0.030229 0.046444
2 0.467979 0.831144 0.010083 0.083583
2 0.438490 0.810560 0.023146 0.065694
2 0.413016 0.775722 0.030792 0.063037
2 0.506141 0.832454 0.011760 0.079630
3 0.496487 0.649190 0.367995 0.671028
