2 0.499982 0.848213 0.010641 0.079296
2 0.462190 0.846389 0.010453 0.078296
2 0.433451 0.826481 0.021276 0.066352
2 0.408258 0.789991 0.029859 0.063704
2 0.388286 0.729440 0.040313 0.018917
2 0.438115 0.505657 0.015677 0.066352
2 0.482812 0.493366 0.007281 0.072361
0 0.469474 0.667690 0.203396 0.356639
2 0.517247 0.514764 0.012318 0.072694
2 0.554104 0.556074 0.037510 0.062407
2 0.568474 0.614296 0.037510 0.061407
2 0.573513 0.700907 0.039380 0.023556
2 0.558487 0.757806 0.038818 0.044463
2 0.534320 0.816694 0.029297 0.070667
2 0.408815 0.544972 0.027995 0.060722
3 0.491229 0.663380 0.365885 0.673241
2 0.385771 0.598389 0.028927 0.051426
1 0.471094 0.654171 0.257594 0.473528
