2 0.523591 0.501176 0.003734 0.066685
2 0.591794 0.562537 0.033391 0.063407
2 0.607573 0.623421 0.035458 0.065731
2 0.573792 0.823329 0.033594 0.073324
2 0.618115 0.709037 0.048708 0.026537
2 0.427013 0.601042 0.025943 0.044787
0 0.517677 0.672148 0.185010 0.347722
2 0.445581 0.790319 0.033964 0.061713
2 0.470310 0.827315 0.026318 0.066685
2 0.499422 0.848546 0.013625 0.079296
2 0.538055 0.852528 0.009516 0.078630
3 0.525857 0.660398 0.368870 0.666667
1 0.510523 0.661963 0.262849 0.445481
2 0.477492 0.504829 0.019036 0.069343
2 0.449409 0.547792 0.029672 0.061713
2 0.596562 0.766764 0.037698 0.049769
2 0.557836 0.525231 0.012130 0.068352
2 0.428130 0.729111 0.037885 0.016259
