2 0.409820 0.572625 0.028057 0.051028
2 0.430135 0.516731 0.031281 0.067648
2 0.459641 0.479176 0.016125 0.064778
2 0.505437 0.466537 0.008385 0.071722
2 0.538813 0.485167 0.013219 0.074593
2 0.573643 0.528741 0.033859 0.052796
2 0.589284 0.593810 0.036120 0.046491
2 0.600568 0.674963 0.045792 0.027519
2 0.578802 0.731431 0.037729 0.051028
2 0.555099 0.788764 0.028375 0.071657
2 0.521883 0.815134 0.010964 0.077398
2 0.483651 0.818292 0.010677 0.079120
2 0.454789 0.797648 0.023901 0.065352
2 0.428667 0.760958 0.032927 0.066509
2 0.411737 0.700759 0.033245 0.017204
3 0.512258 0.642644 0.365891 0.676639
0 0.494828 0.645398 0.202844 0.357630
1 0.495190 0.639370 0.261974 0.456389
