2 0.467570 0.807449 0.022693 0.066583
2 0.422672 0.582347 0.025146 0.040324
2 0.443083 0.525093 0.029677 0.059907
2 0.470495 0.482125 0.017625 0.070269
2 0.517143 0.479125 0.006495 0.067046
2 0.552589 0.496986 0.012844 0.070509
2 0.588625 0.533505 0.034344 0.065657
2 0.605471 0.595255 0.037193 0.062898
2 0.611823 0.685569 0.051969 0.028343
2 0.596328 0.742685 0.041198 0.050926
2 0.569380 0.798000 0.029292 0.068889
2 0.536471 0.827491 0.011901 0.076278
2 0.497508 0.827148 0.009474 0.079722
2 0.442625 0.770819 0.031375 0.062898
2 0.420786 0.712639 0.041615 0.022111
1 0.505268 0.640931 0.261099 0.450157
0 0.501516 0.654810 0.203958 0.360602
3 0.524542 0.646384 0.373250 0.672898
