3 0.512260 0.651986 0.367990 0.672898
1 0.495628 0.644824 0.262849 0.461056
2 0.452396 0.810560 0.022208 0.070343
2 0.407417 0.584949 0.025937 0.046454
2 0.428599 0.527718 0.027625 0.064694
2 0.457060 0.485083 0.016234 0.071000
2 0.503622 0.474801 0.010078 0.072324
2 0.539081 0.498856 0.017172 0.064028
2 0.572951 0.539148 0.036391 0.053111
2 0.588534 0.601523 0.036953 0.051120
2 0.597307 0.685644 0.053750 0.037491
2 0.580698 0.744699 0.042177 0.052750
2 0.553078 0.799611 0.028740 0.066352
2 0.519766 0.830130 0.011385 0.078963
2 0.481786 0.829801 0.009333 0.087583
2 0.426732 0.774231 0.032099 0.067352
2 0.407323 0.714676 0.039562 0.023889
0 0.492042 0.645894 0.203958 0.356639
