2 0.573641 0.612157 0.039021 0.054519
2 0.412544 0.785898 0.027120 0.057907
0 0.472260 0.666699 0.203396 0.368528
2 0.575414 0.691875 0.044505 0.029231
2 0.558003 0.754366 0.034828 0.047583
2 0.535427 0.807681 0.025802 0.061343
2 0.504143 0.845231 0.011609 0.082556
2 0.466721 0.842944 0.012932 0.081407
2 0.391904 0.725986 0.037443 0.016046
2 0.392729 0.601005 0.031281 0.053898
2 0.413526 0.541667 0.032896 0.069370
2 0.440938 0.508986 0.015479 0.049880
2 0.487359 0.494366 0.011000 0.061917
2 0.521333 0.509162 0.018062 0.077398
2 0.438180 0.819722 0.021641 0.064778
1 0.477229 0.656505 0.259344 0.450157
2 0.556065 0.553681 0.034828 0.062546
3 0.497117 0.661977 0.364839 0.676046
