2 0.470768 0.491500 0.012578 0.056185
0 0.503745 0.646389 0.205073 0.363574
2 0.420138 0.580653 0.025474 0.047583
2 0.422557 0.709620 0.036760 0.018981
2 0.440115 0.769843 0.033250 0.065926
2 0.466240 0.805389 0.024219 0.067074
2 0.495745 0.824597 0.010354 0.079120
2 0.533169 0.825745 0.010318 0.076824
2 0.566385 0.796500 0.030313 0.069944
2 0.590573 0.739458 0.038052 0.051028
2 0.610568 0.678972 0.047729 0.028667
2 0.600086 0.602981 0.032568 0.039611
2 0.584766 0.540495 0.032250 0.048787
2 0.549779 0.494630 0.013870 0.072870
2 0.515271 0.472843 0.006771 0.069426
2 0.441263 0.525329 0.027734 0.058472
1 0.504828 0.637815 0.260219 0.462611
3 0.524349 0.649185 0.364833 0.678500
