2 0.387542 0.601375 0.026500 0.044787
2 0.409190 0.544972 0.030609 0.062037
2 0.437930 0.504995 0.014557 0.064361
2 0.484307 0.493194 0.008396 0.074019
2 0.518549 0.517750 0.014557 0.069370
2 0.553544 0.555074 0.036016 0.061741
2 0.566328 0.626074 0.031354 0.041167
2 0.566234 0.697421 0.022958 0.017250
2 0.559883 0.761139 0.039766 0.051722
2 0.535161 0.818356 0.030229 0.066028
2 0.501289 0.848384 0.011380 0.076306
2 0.462378 0.849542 0.011193 0.083269
2 0.432984 0.829968 0.022958 0.070676
2 0.407417 0.791977 0.031917 0.065694
2 0.387448 0.731431 0.040125 0.018250
0 0.473651 0.673139 0.201729 0.361593
1 0.473724 0.665852 0.262854 0.459500
3 0.493857 0.666181 0.362734 0.667639
