0 0.475602 0.671157 0.200057 0.357630
2 0.435224 0.826815 0.021458 0.067685
2 0.409378 0.789324 0.032474 0.063704
2 0.390529 0.728444 0.036953 0.018241
3 0.495435 0.666181 0.365891 0.667639
2 0.556622 0.551759 0.036953 0.063074
2 0.485240 0.487722 0.008021 0.073685
2 0.389409 0.598889 0.027620 0.047111
2 0.411430 0.544144 0.030609 0.062380
1 0.473724 0.657287 0.257594 0.467296
2 0.438956 0.501176 0.016234 0.071333
2 0.519857 0.513273 0.014182 0.072361
2 0.570432 0.616949 0.037323 0.056769
2 0.568661 0.692611 0.019594 0.010944
2 0.559331 0.755153 0.036766 0.043787
2 0.536466 0.814208 0.030234 0.067676
2 0.503062 0.847051 0.013437 0.076306
2 0.464057 0.848051 0.010073 0.084269
