2 0.384979 0.587537 0.025458 0.045296
2 0.405302 0.534218 0.031281 0.061343
2 0.435456 0.489782 0.016766 0.074528
2 0.480281 0.479435 0.007094 0.067704
2 0.514466 0.505231 0.013547 0.071148
2 0.550586 0.543935 0.035474 0.057963
2 0.564289 0.606995 0.033859 0.052231
2 0.571706 0.686426 0.037734 0.024074
2 0.554294 0.747199 0.035151 0.047009
2 0.531234 0.803667 0.029667 0.070519
2 0.496727 0.834343 0.010964 0.080259
2 0.459130 0.834644 0.008719 0.079657
2 0.429641 0.814255 0.023240 0.067602
2 0.405448 0.778444 0.030990 0.063630
2 0.386583 0.716810 0.039052 0.019491
1 0.469781 0.644046 0.260219 0.453278
0 0.468917 0.658773 0.193365 0.352676
3 0.490180 0.654792 0.363786 0.678509
