2 0.541227 0.596560 0.033776 0.065028
2 0.556344 0.656597 0.036021 0.065731
2 0.558396 0.746523 0.027802 0.025880
2 0.545799 0.803921 0.038818 0.053750
2 0.519484 0.859167 0.029490 0.074648
2 0.486078 0.889356 0.009333 0.083935
2 0.448380 0.886204 0.014927 0.080944
2 0.418427 0.866630 0.026312 0.068352
2 0.394539 0.826981 0.033776 0.058722
2 0.377557 0.766431 0.038260 0.018583
2 0.506982 0.558741 0.012693 0.069019
2 0.471242 0.535681 0.003922 0.070009
2 0.425987 0.541819 0.019411 0.068343
2 0.398086 0.584454 0.030047 0.060056
2 0.374852 0.636380 0.029109 0.047111
0 0.459443 0.707315 0.195594 0.350704
3 0.473883 0.679093 0.366943 0.637389
1 0.453135 0.703236 0.247958 0.468843
