3 0.498065 0.663380 0.366943 0.673241
2 0.572672 0.621042 0.038375 0.048213
0 0.474208 0.670167 0.195042 0.363574
2 0.390792 0.596704 0.031281 0.052167
2 0.394000 0.728852 0.039052 0.018352
2 0.413833 0.790769 0.030990 0.065352
2 0.436570 0.826028 0.026797 0.072815
2 0.466872 0.843801 0.010005 0.084269
2 0.504146 0.846380 0.012250 0.080259
2 0.539135 0.817713 0.026771 0.069944
2 0.561065 0.757519 0.035151 0.049296
2 0.581221 0.699898 0.041276 0.024648
2 0.559292 0.554537 0.038698 0.059685
2 0.521883 0.516130 0.013547 0.070000
2 0.487859 0.491472 0.008062 0.074593
2 0.442068 0.507843 0.015802 0.061352
2 0.414010 0.544245 0.029990 0.063065
1 0.478107 0.657287 0.262849 0.454833
