2 0.383857 0.586671 0.028380 0.047009
3 0.489654 0.654792 0.364839 0.674769
0 0.468638 0.658773 0.195036 0.354657
2 0.385779 0.716528 0.037443 0.018926
2 0.405786 0.532782 0.029667 0.059620
2 0.433521 0.486630 0.016125 0.072815
2 0.479474 0.476282 0.007417 0.077454
2 0.514466 0.501222 0.014193 0.073444
2 0.549294 0.543074 0.036120 0.059685
2 0.563323 0.608718 0.031927 0.046491
2 0.570901 0.687000 0.040635 0.026370
2 0.555583 0.746912 0.037729 0.047583
2 0.530753 0.803093 0.026766 0.069370
2 0.496888 0.834630 0.011932 0.079685
2 0.458497 0.832333 0.011964 0.084278
2 0.429646 0.811125 0.021333 0.067065
2 0.403836 0.777296 0.032922 0.064778
1 0.469781 0.649500 0.260219 0.445481
