2 0.383156 0.598056 0.028177 0.050093
2 0.406299 0.546134 0.027807 0.062380
0 0.470867 0.670662 0.201724 0.358620
3 0.486500 0.666181 0.366937 0.667639
1 0.468029 0.663519 0.260224 0.470407
2 0.434852 0.503005 0.013995 0.065694
2 0.479641 0.493366 0.006531 0.068380
2 0.514633 0.513935 0.013068 0.075019
2 0.550279 0.559056 0.033964 0.055111
2 0.564367 0.623755 0.034526 0.048472
2 0.552888 0.757144 0.038818 0.049102
2 0.529747 0.817361 0.029859 0.064037
2 0.559797 0.697093 0.024635 0.027204
2 0.496531 0.846722 0.013437 0.076315
2 0.459018 0.845894 0.010078 0.079954
2 0.428971 0.827810 0.021651 0.068343
2 0.404898 0.789491 0.029859 0.063370
2 0.382036 0.730931 0.043854 0.021898
