2 0.407078 0.540523 0.029667 0.060194
2 0.434651 0.501537 0.016448 0.068222
2 0.481070 0.488065 0.007453 0.065352
2 0.514143 0.511542 0.014839 0.061972
2 0.551714 0.547370 0.037083 0.057963
2 0.565904 0.615884 0.035151 0.048213
2 0.572672 0.695315 0.038375 0.024648
2 0.384987 0.595560 0.027411 0.047583
0 0.468638 0.663727 0.195036 0.350694
1 0.471534 0.657282 0.258474 0.451713
3 0.488602 0.659468 0.366943 0.672898
2 0.555419 0.752644 0.035474 0.048731
2 0.530591 0.809690 0.027734 0.065361
2 0.496888 0.839792 0.011286 0.077398
2 0.459620 0.839194 0.010344 0.084315
2 0.431247 0.820583 0.021964 0.066500
2 0.405932 0.783319 0.031313 0.065361
2 0.386253 0.725125 0.039682 0.025806
