3 0.472305 0.670856 0.363786 0.658287
1 0.452695 0.682986 0.261099 0.462620
0 0.453870 0.683046 0.195594 0.349704
2 0.368057 0.614190 0.030958 0.051602
2 0.388385 0.556565 0.030937 0.064796
2 0.418687 0.515579 0.017417 0.076824
2 0.464156 0.509532 0.009031 0.072861
2 0.499792 0.530745 0.015156 0.069435
2 0.535424 0.569421 0.037411 0.060787
2 0.549938 0.633657 0.038052 0.057389
2 0.555742 0.718819 0.041276 0.029231
2 0.538651 0.775005 0.037406 0.049880
2 0.514628 0.834343 0.028057 0.073389
2 0.481086 0.863009 0.011286 0.080259
2 0.444146 0.857273 0.009708 0.079120
2 0.414479 0.842370 0.021958 0.071093
2 0.389484 0.805102 0.031313 0.066500
2 0.370005 0.743773 0.038031 0.015046
