3 0.499117 0.658704 0.364839 0.682593
0 0.480060 0.662241 0.200057 0.357630
1 0.480734 0.647940 0.257594 0.451713
2 0.561482 0.545495 0.036818 0.060250
2 0.575594 0.611903 0.033323 0.045917
2 0.584328 0.692667 0.041656 0.021981
2 0.566052 0.750713 0.034667 0.047296
2 0.542125 0.807796 0.029813 0.064963
2 0.508005 0.839102 0.011021 0.077870
2 0.470109 0.835287 0.009990 0.081685
2 0.441208 0.818796 0.023677 0.066889
2 0.415148 0.782500 0.032828 0.066852
2 0.397135 0.721815 0.038187 0.019111
2 0.395271 0.590190 0.026875 0.046343
2 0.417440 0.537398 0.029828 0.062111
2 0.445523 0.492727 0.017203 0.077880
2 0.491477 0.483625 0.007526 0.068361
2 0.526010 0.506319 0.013167 0.071713
