2 0.481990 0.480727 0.007740 0.065361
2 0.516495 0.501935 0.015479 0.069944
2 0.552776 0.546079 0.037083 0.061917
2 0.567771 0.607139 0.038698 0.057907
2 0.390406 0.716065 0.038052 0.013185
2 0.406529 0.781421 0.029672 0.062491
2 0.431198 0.814389 0.024188 0.069944
2 0.460383 0.836750 0.010318 0.082556
2 0.499083 0.834171 0.010323 0.077398
2 0.532781 0.807227 0.029344 0.075102
2 0.559224 0.749894 0.039021 0.051028
2 0.385245 0.589940 0.030958 0.051028
2 0.407172 0.531750 0.031604 0.068796
2 0.437490 0.492190 0.016771 0.067657
2 0.574383 0.688551 0.042245 0.024657
1 0.473286 0.642486 0.263729 0.453269
0 0.469753 0.659269 0.199495 0.359611
3 0.489654 0.655727 0.364839 0.672898
