3 0.494911 0.660574 0.366937 0.678852
2 0.521576 0.507273 0.012901 0.069806
2 0.441224 0.496546 0.015583 0.069278
2 0.411797 0.536204 0.030906 0.066407
2 0.487029 0.484602 0.006745 0.074056
2 0.390565 0.593056 0.029828 0.049204
1 0.473724 0.654949 0.259344 0.462620
0 0.476995 0.665708 0.199500 0.356639
2 0.556779 0.546449 0.038161 0.064065
2 0.568740 0.614773 0.030906 0.047824
2 0.565648 0.686454 0.012901 0.009556
2 0.553419 0.742116 0.018005 0.022454
2 0.536760 0.809718 0.026604 0.064028
2 0.503841 0.840532 0.011286 0.079787
2 0.466203 0.840056 0.010240 0.083611
2 0.437180 0.820468 0.024214 0.069269
2 0.412320 0.783681 0.030932 0.063546
2 0.394591 0.725171 0.036859 0.023861
