2 0.377464 0.732755 0.039188 0.017583
2 0.399672 0.549787 0.027625 0.063037
2 0.426734 0.509968 0.015302 0.068343
2 0.473201 0.496019 0.008214 0.070370
2 0.507167 0.521231 0.013812 0.071037
2 0.542346 0.560713 0.033776 0.055111
2 0.424867 0.824495 0.016797 0.052417
2 0.377742 0.605023 0.025943 0.042806
0 0.468635 0.671653 0.183896 0.342769
2 0.407323 0.773236 0.010448 0.020898
2 0.553544 0.631551 0.030047 0.040843
2 0.565393 0.705389 0.045161 0.031852
2 0.548039 0.768093 0.039568 0.059056
2 0.524430 0.820347 0.031911 0.066028
2 0.489813 0.848880 0.013813 0.077296
2 0.451273 0.853690 0.011755 0.088917
3 0.481242 0.664139 0.366943 0.663556
1 0.459706 0.666634 0.259349 0.454824
