3 0.490180 0.661509 0.363786 0.676981
1 0.469789 0.653389 0.261984 0.459500
2 0.384826 0.590111 0.029672 0.050444
2 0.406109 0.537366 0.032250 0.064213
2 0.434651 0.488634 0.016448 0.076824
2 0.481411 0.482306 0.006771 0.071148
2 0.516562 0.503514 0.015156 0.072287
2 0.553003 0.545366 0.039661 0.059676
2 0.566063 0.613301 0.038698 0.048787
2 0.573643 0.692731 0.042891 0.028667
2 0.555260 0.749782 0.037729 0.048731
2 0.531719 0.809977 0.028698 0.073954
2 0.494953 0.816856 0.006771 0.037269
2 0.460917 0.826028 0.011000 0.057907
2 0.430924 0.816852 0.022609 0.068222
2 0.405771 0.779593 0.032281 0.065926
2 0.388357 0.719394 0.034214 0.021213
0 0.469471 0.659269 0.193370 0.355648
