2 0.549625 0.553917 0.033031 0.058093
2 0.566888 0.695431 0.032099 0.018583
1 0.466716 0.657282 0.255839 0.451713
2 0.479922 0.492366 0.006719 0.071694
2 0.515099 0.516421 0.012875 0.065398
2 0.564742 0.619106 0.034151 0.047139
3 0.486497 0.664315 0.362734 0.671370
2 0.407883 0.785014 0.027245 0.057731
2 0.555503 0.755981 0.034714 0.045444
2 0.530682 0.812384 0.027250 0.066028
2 0.497182 0.843903 0.010635 0.080620
2 0.459859 0.842574 0.011385 0.079296
2 0.431211 0.822500 0.023516 0.063704
2 0.387354 0.726954 0.038448 0.020574
2 0.384464 0.597375 0.028927 0.047472
2 0.405643 0.541157 0.032474 0.064370
2 0.435878 0.504662 0.016797 0.064361
0 0.468638 0.666204 0.195036 0.343759
