0 0.487862 0.655306 0.196714 0.359611
2 0.429997 0.524236 0.029672 0.063046
2 0.406951 0.576162 0.030234 0.048769
2 0.459484 0.486579 0.015865 0.062046
2 0.505393 0.463505 0.005786 0.086287
2 0.539081 0.492037 0.011568 0.075685
2 0.575565 0.533671 0.035276 0.060750
2 0.590216 0.595218 0.039193 0.061083
2 0.598612 0.678347 0.045911 0.022898
2 0.579870 0.738560 0.038281 0.048435
2 0.554849 0.793972 0.028552 0.067685
2 0.522099 0.827481 0.010823 0.082944
2 0.484026 0.825986 0.009333 0.083935
2 0.454818 0.805417 0.022208 0.068685
2 0.429253 0.769750 0.031911 0.065685
2 0.411896 0.705222 0.049458 0.020241
3 0.512258 0.647319 0.363786 0.674769
1 0.493437 0.644824 0.256719 0.473519
