2 0.562969 0.756148 0.042927 0.049759
2 0.559331 0.549269 0.036766 0.064722
2 0.523870 0.505972 0.014000 0.082981
3 0.494396 0.664315 0.363812 0.671370
2 0.578737 0.697588 0.034901 0.020898
2 0.488039 0.491042 0.006161 0.068380
2 0.442969 0.501176 0.016792 0.070000
1 0.478544 0.663514 0.260224 0.467287
2 0.412641 0.539829 0.031167 0.063694
2 0.392581 0.597560 0.027620 0.046454
2 0.539453 0.815699 0.030979 0.072657
2 0.505393 0.844898 0.011755 0.078630
2 0.467323 0.844065 0.010635 0.082278
2 0.437930 0.824657 0.020901 0.070000
2 0.411523 0.789162 0.032286 0.065361
2 0.390714 0.726620 0.044042 0.017259
2 0.573047 0.612139 0.037323 0.061074
0 0.479781 0.667690 0.199500 0.362583
