0 0.478388 0.665213 0.203401 0.353667
1 0.480253 0.652616 0.258557 0.464176
3 0.497539 0.659472 0.363786 0.672907
2 0.491305 0.489218 0.007089 0.075343
2 0.526203 0.513106 0.013063 0.073361
2 0.561195 0.553250 0.037141 0.061407
2 0.576685 0.618278 0.035276 0.050796
2 0.580698 0.697421 0.044792 0.022565
2 0.565768 0.758472 0.037328 0.047778
2 0.541786 0.814870 0.029677 0.068352
2 0.507729 0.845560 0.011198 0.079287
2 0.469656 0.841745 0.010073 0.079620
2 0.440542 0.823495 0.022396 0.068343
2 0.415906 0.785347 0.030979 0.061046
2 0.397526 0.723963 0.037885 0.019907
2 0.395753 0.595236 0.027995 0.050435
2 0.417214 0.539995 0.030604 0.067343
2 0.446141 0.498523 0.017917 0.071991
