1 0.475917 0.650278 0.258469 0.456389
3 0.494385 0.659468 0.365885 0.672898
2 0.520979 0.517417 0.013437 0.069370
2 0.557742 0.553250 0.035089 0.061407
2 0.573419 0.613463 0.038443 0.062407
2 0.581070 0.698750 0.045911 0.028537
2 0.560729 0.754986 0.038448 0.045454
2 0.536094 0.813375 0.029115 0.065361
2 0.502969 0.844403 0.012500 0.076972
2 0.464339 0.845560 0.011010 0.080620
2 0.435969 0.823829 0.022208 0.065694
2 0.410589 0.786671 0.033406 0.063694
2 0.391461 0.724792 0.034714 0.018250
2 0.390807 0.595565 0.028177 0.047111
2 0.412081 0.540162 0.030047 0.065694
2 0.441289 0.500352 0.016422 0.071000
2 0.487013 0.491222 0.007464 0.071333
0 0.473930 0.670167 0.196714 0.361593
