0 0.488419 0.648866 0.198943 0.348713
2 0.580883 0.600194 0.036578 0.058426
2 0.588349 0.681662 0.040312 0.021565
2 0.570526 0.741713 0.037510 0.048111
2 0.554010 0.815537 0.016792 0.039815
2 0.515753 0.848880 0.007464 0.032185
2 0.477122 0.801931 0.005974 0.022565
2 0.446143 0.807907 0.018661 0.063037
2 0.419547 0.772074 0.030792 0.063704
2 0.401354 0.712019 0.035458 0.019907
2 0.400979 0.582458 0.025010 0.041472
2 0.421133 0.526889 0.028370 0.060389
2 0.448846 0.482764 0.019224 0.072324
2 0.529656 0.501329 0.013250 0.073028
2 0.495130 0.478269 0.006906 0.069370
1 0.482487 0.639370 0.254089 0.456389
3 0.502797 0.650120 0.370094 0.676630
2 0.566794 0.535995 0.034901 0.064065
