2 0.434784 0.527843 0.026568 0.057796
2 0.462323 0.485505 0.014260 0.066046
2 0.507948 0.473796 0.008542 0.068352
2 0.542836 0.493463 0.016307 0.071630
2 0.578693 0.531968 0.037260 0.061824
2 0.594115 0.594769 0.038125 0.055278
2 0.601966 0.675681 0.047089 0.023231
2 0.585120 0.738944 0.044281 0.048759
2 0.560063 0.796736 0.032396 0.069120
2 0.525341 0.826306 0.011120 0.074500
2 0.487211 0.826111 0.009839 0.081796
2 0.458646 0.804991 0.017938 0.056833
1 0.514029 0.637037 0.226047 0.451722
3 0.528484 0.646384 0.342583 0.669787
0 0.506253 0.651343 0.191141 0.359611
