1 0.475477 0.651056 0.262849 0.464167
3 0.495435 0.661509 0.365891 0.676981
2 0.486237 0.487685 0.006182 0.069796
2 0.521039 0.508231 0.013974 0.075537
2 0.556646 0.550750 0.035740 0.057370
2 0.570755 0.614773 0.034938 0.052602
2 0.576260 0.693380 0.038417 0.024352
2 0.568607 0.762898 0.023109 0.028667
2 0.525607 0.785833 0.006453 0.019111
2 0.502763 0.839819 0.010214 0.077398
2 0.465664 0.841014 0.009161 0.076917
2 0.436641 0.821440 0.020990 0.064528
2 0.410573 0.785116 0.031740 0.062583
2 0.390956 0.723481 0.039797 0.018630
2 0.441492 0.495593 0.014516 0.069278
0 0.476716 0.668185 0.203401 0.359611
2 0.390969 0.596398 0.025260 0.047296
2 0.412469 0.539546 0.027948 0.062593
