3 0.542750 0.663380 0.370094 0.673241
1 0.521039 0.658843 0.261099 0.473519
2 0.437714 0.599856 0.029021 0.049306
2 0.458836 0.545968 0.029349 0.060769
2 0.486409 0.500389 0.016766 0.065926
2 0.532687 0.488037 0.007417 0.068852
2 0.566870 0.507815 0.013219 0.074019
2 0.602021 0.549667 0.039021 0.061407
2 0.618951 0.613306 0.038057 0.056815
2 0.624594 0.697032 0.040958 0.031528
2 0.550034 0.839102 0.011609 0.068796
2 0.513159 0.845236 0.010995 0.080269
2 0.484940 0.823736 0.019703 0.070509
2 0.458982 0.789625 0.029703 0.066509
2 0.441729 0.727995 0.039052 0.023509
0 0.522969 0.663736 0.212313 0.378454
