1 0.480297 0.646384 0.260219 0.461065
3 0.499643 0.651968 0.363786 0.680417
2 0.445393 0.486417 0.016422 0.067685
2 0.562594 0.539648 0.035458 0.061407
2 0.579669 0.599699 0.040870 0.062731
0 0.481732 0.653819 0.196714 0.360602
2 0.396688 0.715505 0.037698 0.020231
2 0.492052 0.476611 0.006719 0.074685
2 0.527044 0.499167 0.013995 0.078000
2 0.584711 0.687306 0.039380 0.019574
2 0.568099 0.745032 0.040500 0.050769
2 0.541693 0.801269 0.028365 0.069667
2 0.508195 0.832454 0.011755 0.082278
2 0.471430 0.826315 0.008026 0.071333
2 0.441195 0.810894 0.020714 0.065694
2 0.416187 0.775389 0.030417 0.063704
2 0.395099 0.584782 0.026688 0.045454
2 0.417964 0.531532 0.028740 0.061046
