3 0.499115 0.658532 0.366937 0.674769
2 0.565917 0.752389 0.036010 0.046815
2 0.508945 0.844356 0.012901 0.086472
2 0.469964 0.838861 0.010240 0.081222
2 0.441344 0.821426 0.020719 0.069278
2 0.415680 0.783917 0.031734 0.064019
2 0.399018 0.723722 0.033891 0.017204
2 0.577609 0.691231 0.029292 0.016241
2 0.574651 0.614528 0.033052 0.055944
2 0.562693 0.547403 0.034938 0.062157
2 0.525742 0.510380 0.013703 0.072185
2 0.490391 0.486995 0.008625 0.075009
2 0.444448 0.496310 0.015052 0.070713
2 0.415289 0.538116 0.032516 0.065454
2 0.394203 0.593278 0.027427 0.052519
0 0.478667 0.661250 0.197271 0.351685
1 0.478542 0.662736 0.258469 0.465731
2 0.541461 0.811153 0.030099 0.070713
