1 0.465401 0.661963 0.260219 0.457944
0 0.466409 0.667690 0.200609 0.352676
2 0.432758 0.504194 0.016391 0.068315
2 0.478307 0.491981 0.008063 0.072667
2 0.512172 0.512051 0.013437 0.076491
2 0.460424 0.838861 0.006203 0.076444
2 0.494836 0.841486 0.010484 0.075009
3 0.487552 0.662269 0.366937 0.659815
2 0.527891 0.816884 0.028219 0.071657
2 0.402109 0.790130 0.031469 0.066889
2 0.552211 0.757880 0.035474 0.048259
2 0.429922 0.826676 0.020990 0.071185
2 0.567786 0.699630 0.032240 0.021481
2 0.562693 0.620023 0.034396 0.050694
2 0.548318 0.555764 0.037354 0.059769
2 0.383310 0.730148 0.036818 0.023463
2 0.381161 0.599505 0.028219 0.048731
2 0.403599 0.545282 0.029021 0.065454
