2 0.388755 0.589926 0.024823 0.042463
2 0.410031 0.533194 0.028552 0.063037
2 0.568102 0.685310 0.028182 0.030194
3 0.493857 0.653856 0.362734 0.676639
1 0.472849 0.644824 0.259344 0.445481
2 0.389406 0.717662 0.037323 0.019250
2 0.410682 0.776884 0.026125 0.062046
2 0.435503 0.810889 0.019411 0.064370
2 0.463872 0.832454 0.010078 0.078963
2 0.501010 0.831458 0.013063 0.076972
2 0.535815 0.802597 0.032286 0.068343
2 0.560354 0.745199 0.039562 0.046454
2 0.569872 0.601856 0.038068 0.060417
2 0.553451 0.541801 0.034339 0.059750
2 0.517805 0.505472 0.014182 0.066056
2 0.483372 0.481292 0.006901 0.071287
2 0.437836 0.493880 0.015120 0.062037
0 0.470865 0.658278 0.190583 0.351685
