2 0.514466 0.513833 0.012255 0.070000
2 0.405279 0.787606 0.031943 0.065954
2 0.430924 0.825167 0.021964 0.068796
2 0.459305 0.843514 0.011641 0.084843
2 0.497052 0.844088 0.009031 0.074528
2 0.531880 0.813991 0.029021 0.067074
2 0.555742 0.756944 0.036120 0.047019
2 0.407721 0.546824 0.027089 0.055611
2 0.572674 0.700472 0.040307 0.028093
2 0.564612 0.616745 0.033859 0.048787
2 0.550424 0.552815 0.034505 0.056241
2 0.434974 0.500676 0.015156 0.067648
2 0.385148 0.598139 0.028380 0.047019
2 0.479958 0.488606 0.007094 0.073435
2 0.387891 0.727963 0.037729 0.018981
3 0.490706 0.665245 0.364839 0.669509
0 0.466130 0.669176 0.188906 0.359611
1 0.470659 0.650278 0.261974 0.456389
