2 0.437250 0.523134 0.027865 0.059213
2 0.465633 0.478787 0.015943 0.066815
2 0.511250 0.470046 0.006354 0.066389
2 0.546763 0.492148 0.014641 0.067741
2 0.582534 0.529125 0.035901 0.061972
2 0.598216 0.591681 0.039526 0.062213
2 0.606055 0.678310 0.042766 0.026269
2 0.588495 0.735449 0.038750 0.048843
2 0.563094 0.791667 0.029938 0.067278
2 0.529591 0.823231 0.012703 0.077870
2 0.490646 0.824042 0.009229 0.080861
2 0.461479 0.803301 0.021135 0.065657
2 0.435820 0.767704 0.031766 0.063130
2 0.416185 0.708495 0.037859 0.021657
2 0.415479 0.577046 0.028385 0.044926
0 0.499844 0.648370 0.200615 0.359611
1 0.500010 0.634699 0.259344 0.450157
3 0.518849 0.641708 0.367115 0.672898
