2 0.441224 0.500130 0.015052 0.066889
2 0.486625 0.492486 0.007552 0.069750
2 0.520367 0.509667 0.012630 0.077444
2 0.557721 0.550750 0.037891 0.061204
2 0.565247 0.624801 0.024995 0.036361
2 0.562156 0.687176 0.006448 0.007167
2 0.394583 0.726824 0.037385 0.018630
2 0.503302 0.842921 0.010750 0.075009
2 0.466336 0.843639 0.008359 0.078352
2 0.535552 0.812583 0.024188 0.060204
2 0.551138 0.742593 0.015047 0.019593
2 0.437448 0.823810 0.023135 0.070231
2 0.411781 0.786046 0.030396 0.069315
2 0.589703 0.700787 0.013167 0.011463
0 0.474487 0.667690 0.197828 0.358620
1 0.475917 0.657282 0.258469 0.451713
2 0.391372 0.596157 0.028214 0.047778
2 0.412737 0.540981 0.031714 0.068315
3 0.495974 0.663380 0.360656 0.673241
