1 0.480734 0.647940 0.257594 0.461065
0 0.481732 0.662241 0.200057 0.359611
3 0.502797 0.656662 0.365885 0.671028
2 0.397286 0.594491 0.026604 0.042519
2 0.417977 0.537634 0.028755 0.059713
2 0.446328 0.494162 0.015052 0.065454
2 0.492013 0.482431 0.007526 0.071713
2 0.526682 0.505366 0.013438 0.068843
2 0.562964 0.545019 0.037625 0.063111
2 0.575055 0.615727 0.032786 0.038269
2 0.585536 0.694579 0.033323 0.026750
2 0.536089 0.787028 0.011823 0.023407
2 0.510557 0.832648 0.011823 0.062111
2 0.472383 0.837190 0.008089 0.079787
2 0.442958 0.820944 0.019646 0.066407
2 0.416755 0.784875 0.031198 0.065935
2 0.399018 0.722287 0.037651 0.019111
