2 0.443810 0.529875 0.027807 0.056398
2 0.422531 0.582958 0.024448 0.041806
2 0.470589 0.486079 0.016052 0.065694
2 0.516497 0.478120 0.005974 0.067019
2 0.551865 0.496847 0.012875 0.072028
2 0.586669 0.537819 0.033589 0.061083
2 0.602719 0.598204 0.035458 0.057759
2 0.612331 0.681500 0.045349 0.023889
2 0.592083 0.739727 0.037698 0.049435
2 0.568755 0.797620 0.029115 0.065685
2 0.534414 0.826653 0.011568 0.081287
2 0.496531 0.827977 0.010823 0.080620
2 0.466857 0.807074 0.023516 0.067352
2 0.441008 0.772407 0.031911 0.063704
2 0.421508 0.712685 0.041057 0.021241
3 0.524979 0.647162 0.368865 0.674454
1 0.504391 0.637037 0.254094 0.445481
0 0.512940 0.648866 0.193370 0.350694
