1 0.474599 0.673639 0.257594 0.415889
0 0.470310 0.654315 0.200609 0.373481
3 0.493857 0.655727 0.362734 0.676639
2 0.390888 0.720370 0.045474 0.026370
2 0.409594 0.778560 0.032573 0.062491
2 0.408948 0.530889 0.033865 0.065926
2 0.388469 0.588792 0.030958 0.051028
2 0.569383 0.612301 0.034828 0.049880
2 0.434758 0.813523 0.022224 0.065917
2 0.437487 0.497634 0.019995 0.063639
2 0.483604 0.494199 0.002583 0.061343
2 0.518109 0.517704 0.010323 0.052167
2 0.551326 0.541782 0.030318 0.059046
2 0.576638 0.688546 0.042891 0.026944
2 0.562128 0.749606 0.044182 0.051602
2 0.534878 0.807796 0.027734 0.073963
2 0.501341 0.839329 0.012255 0.081991
2 0.463771 0.837611 0.012573 0.087722
