2 0.384341 0.592403 0.029349 0.049306
2 0.496406 0.835486 0.012250 0.077972
2 0.429474 0.817139 0.024219 0.068796
2 0.403997 0.782171 0.032599 0.067657
2 0.382383 0.722273 0.044193 0.022324
1 0.467154 0.647940 0.261974 0.448602
2 0.553326 0.750926 0.035797 0.049870
2 0.572029 0.691588 0.040307 0.030954
2 0.565419 0.610440 0.036766 0.049935
2 0.550745 0.543931 0.037083 0.061398
2 0.531234 0.808546 0.030958 0.069944
0 0.468917 0.662241 0.204510 0.355648
2 0.514789 0.502653 0.013547 0.075157
3 0.487549 0.655727 0.362734 0.669157
2 0.480604 0.480583 0.007094 0.074593
2 0.433036 0.491218 0.017094 0.076250
2 0.405466 0.537653 0.028380 0.059046
2 0.459466 0.836352 0.011318 0.084278
