1 0.498258 0.658065 0.262849 0.468852
2 0.581258 0.542634 0.039568 0.072028
2 0.593760 0.606833 0.037698 0.067056
2 0.600107 0.695102 0.041432 0.024556
2 0.583497 0.753991 0.038443 0.048111
2 0.558956 0.812713 0.030797 0.071333
2 0.525456 0.842574 0.013807 0.083278
2 0.487292 0.844398 0.010260 0.082944
2 0.457339 0.822833 0.022396 0.071667
2 0.432518 0.784843 0.030609 0.062704
2 0.411057 0.726949 0.041802 0.025880
2 0.413107 0.595898 0.027620 0.043796
2 0.543094 0.509125 0.015490 0.079991
2 0.508008 0.484736 0.008026 0.078991
2 0.460977 0.498523 0.016984 0.066694
2 0.432703 0.543310 0.029115 0.056731
3 0.516464 0.661509 0.370094 0.676981
0 0.497893 0.667690 0.197828 0.346731
