3 0.586719 0.596296 0.413021 0.750000
2 0.479948 0.418056 0.064062 0.130556
2 0.516406 0.362963 0.039062 0.153704
2 0.582292 0.354630 0.014583 0.144444
2 0.623177 0.387500 0.028646 0.136111
2 0.669792 0.442593 0.075000 0.122222
2 0.697135 0.508796 0.092188 0.110185
2 0.703646 0.634722 0.095833 0.056481
2 0.680729 0.709259 0.080208 0.092593
2 0.648177 0.768519 0.061979 0.103704
2 0.602083 0.825926 0.019792 0.170370
2 0.550260 0.829630 0.014063 0.174074
2 0.510417 0.802778 0.039583 0.151852
2 0.479427 0.756481 0.053646 0.144444
2 0.448177 0.676389 0.084896 0.062037
2 0.436979 0.601389 0.084375 0.032407
1 0.564844 0.587037 0.182812 0.320370
0 0.572135 0.581019 0.296354 0.521296
