3 0.630573 0.632616 0.411073 0.734120
0 0.616773 0.659495 0.229578 0.419046
1 0.616453 0.646481 0.281521 0.472222
2 0.653802 0.481972 0.010208 0.049870
2 0.696771 0.509037 0.038958 0.066907
2 0.713695 0.588565 0.035516 0.047130
2 0.730161 0.678681 0.051375 0.028120
2 0.680714 0.805435 0.031688 0.064370
2 0.708279 0.742505 0.040151 0.044861
2 0.642594 0.840130 0.008771 0.067574
2 0.566253 0.464454 0.015495 0.065926
2 0.537724 0.520060 0.025281 0.050435
2 0.515026 0.581852 0.020333 0.037556
2 0.508464 0.660389 0.031000 0.017796
2 0.519003 0.721815 0.030995 0.017315
2 0.544070 0.781861 0.020901 0.053741
2 0.601753 0.840671 0.007547 0.071398
2 0.615419 0.451046 0.006141 0.067278
2 0.568789 0.831079 0.018391 0.072713
