3 0.634576 0.629352 0.411078 0.741296
0 0.622370 0.650769 0.227448 0.405370
1 0.621078 0.646699 0.288469 0.499917
2 0.663674 0.463889 0.012859 0.069259
2 0.703263 0.502551 0.036484 0.064880
2 0.722154 0.578755 0.037047 0.045843
2 0.737500 0.667606 0.051375 0.028120
2 0.687323 0.794769 0.031687 0.064370
2 0.714315 0.732097 0.040151 0.044861
2 0.648740 0.827231 0.008771 0.067574
2 0.578406 0.465889 0.010271 0.040815
2 0.544432 0.507935 0.026865 0.054741
2 0.522135 0.570903 0.020625 0.038472
2 0.507195 0.652921 0.024599 0.013602
2 0.523458 0.709699 0.034927 0.018287
2 0.548846 0.768111 0.021339 0.050722
2 0.575099 0.818125 0.017906 0.071343
2 0.607456 0.828620 0.007547 0.071407
2 0.623833 0.453356 0.004573 0.051528
