2 0.566161 0.435292 0.009448 0.034139
3 0.631846 0.630509 0.411078 0.738981
0 0.616323 0.642954 0.227448 0.405370
1 0.622987 0.648472 0.281526 0.479722
2 0.659344 0.468514 0.014677 0.066306
2 0.700430 0.502241 0.036182 0.064852
2 0.718302 0.577894 0.038000 0.050398
2 0.733297 0.668477 0.051375 0.028120
2 0.683664 0.794556 0.031682 0.064370
2 0.711081 0.732750 0.040151 0.044852
2 0.645143 0.826366 0.008766 0.067565
2 0.575115 0.480537 0.005604 0.015593
2 0.540776 0.507069 0.026865 0.054750
2 0.518622 0.570167 0.020339 0.037556
2 0.504742 0.650537 0.021516 0.010667
2 0.521646 0.708815 0.031000 0.017315
2 0.546471 0.768685 0.020901 0.053741
2 0.604346 0.827972 0.007547 0.071407
2 0.618875 0.465778 0.005500 0.020370
2 0.571898 0.817815 0.018391 0.072704
