3 0.579786 0.617662 0.411865 0.751750
0 0.561719 0.598361 0.218333 0.381111
1 0.562745 0.598963 0.285052 0.455352
2 0.452424 0.619866 0.031901 0.016269
2 0.567979 0.414606 0.005448 0.067528
2 0.647497 0.478380 0.039786 0.063241
2 0.664977 0.554935 0.036526 0.042685
2 0.672286 0.642616 0.037219 0.019454
2 0.463195 0.680565 0.035359 0.017500
2 0.488216 0.739375 0.021266 0.052917
2 0.514047 0.789625 0.018292 0.070769
2 0.587271 0.806111 0.006719 0.072741
2 0.652896 0.708495 0.037896 0.047657
2 0.626315 0.772602 0.031224 0.068870
2 0.545992 0.802407 0.006953 0.070296
2 0.480432 0.460389 0.013406 0.029037
2 0.520742 0.445444 0.008859 0.038296
2 0.607961 0.439014 0.015911 0.068583
