1 0.552109 0.607407 0.274323 0.447222
0 0.549794 0.605583 0.223755 0.380926
2 0.634810 0.480704 0.039016 0.067741
2 0.651755 0.551935 0.037187 0.057500
2 0.661510 0.647065 0.042677 0.024389
2 0.640633 0.711282 0.039932 0.048769
2 0.474807 0.470403 0.027125 0.062324
2 0.450271 0.532181 0.024385 0.046065
2 0.612385 0.772648 0.030729 0.068278
2 0.573247 0.805486 0.006589 0.075435
2 0.532461 0.798949 0.007682 0.067694
2 0.497349 0.784644 0.025240 0.067694
2 0.470443 0.743384 0.033688 0.065676
2 0.450875 0.676731 0.039906 0.022111
2 0.436789 0.619181 0.043932 0.024065
2 0.507771 0.421491 0.014635 0.073481
2 0.559531 0.405852 0.009875 0.085259
2 0.598852 0.438366 0.018286 0.074843
3 0.566659 0.607389 0.405193 0.750963
