3 0.630573 0.627917 0.411073 0.744167
0 0.615401 0.636861 0.223229 0.409352
1 0.617365 0.636769 0.281521 0.472222
2 0.656443 0.460000 0.015240 0.070185
2 0.697594 0.499931 0.038958 0.066917
2 0.713867 0.578407 0.035516 0.047130
2 0.731938 0.666074 0.051375 0.028111
2 0.681221 0.791222 0.031682 0.064370
2 0.708591 0.728398 0.040151 0.044852
2 0.642312 0.824111 0.008771 0.067574
2 0.566935 0.454051 0.015495 0.065917
2 0.538771 0.507847 0.025281 0.050435
2 0.515424 0.566875 0.020339 0.037565
2 0.506776 0.648824 0.031000 0.017796
2 0.519305 0.707602 0.030995 0.017315
2 0.543563 0.767444 0.020906 0.053741
2 0.600674 0.826657 0.007547 0.071407
2 0.616638 0.437620 0.006141 0.067278
2 0.568617 0.815759 0.018391 0.072704
