3 0.583122 0.620352 0.411859 0.746870
0 0.563974 0.617028 0.216406 0.394593
1 0.570464 0.614699 0.276729 0.454454
2 0.458313 0.624958 0.031906 0.016269
2 0.572750 0.419792 0.006583 0.067361
2 0.639638 0.507153 0.014266 0.022639
2 0.670073 0.559940 0.039646 0.050250
2 0.682036 0.651481 0.048688 0.028407
2 0.468828 0.685463 0.035365 0.017500
2 0.493760 0.745556 0.021260 0.052926
2 0.519396 0.793778 0.018292 0.070759
2 0.592292 0.809176 0.006719 0.072741
2 0.658987 0.714528 0.040339 0.048778
2 0.632159 0.778407 0.031224 0.068870
2 0.551781 0.804917 0.006948 0.070296
2 0.485232 0.466185 0.013484 0.027000
2 0.521966 0.433648 0.014453 0.066185
2 0.612781 0.445102 0.013500 0.069278
