3 0.602594 0.636065 0.410385 0.727870
0 0.584031 0.651657 0.217719 0.386111
1 0.585464 0.665727 0.284583 0.499917
2 0.477318 0.664685 0.033792 0.017630
2 0.590208 0.467648 0.007604 0.053074
2 0.670563 0.518273 0.037740 0.067509
2 0.688672 0.596565 0.039365 0.047704
2 0.700812 0.685412 0.048458 0.026250
2 0.489740 0.723514 0.034906 0.017657
2 0.514427 0.785292 0.021260 0.052917
2 0.541586 0.829861 0.016318 0.069000
2 0.613044 0.846218 0.009411 0.073065
2 0.652776 0.814176 0.033375 0.068204
2 0.679750 0.749477 0.043240 0.047491
2 0.572451 0.847528 0.006141 0.076352
2 0.483570 0.581005 0.027203 0.045620
2 0.538604 0.468685 0.014875 0.069481
2 0.509083 0.520718 0.028594 0.057694
2 0.628232 0.485389 0.010411 0.056981
