3 0.632755 0.627917 0.411073 0.744167
0 0.615401 0.635259 0.223229 0.406148
1 0.617365 0.623824 0.281521 0.472222
2 0.656138 0.457833 0.015245 0.070185
2 0.697594 0.493431 0.038958 0.066917
2 0.712341 0.571907 0.035516 0.047130
2 0.730109 0.659569 0.051375 0.028120
2 0.680612 0.785801 0.031682 0.064380
2 0.707372 0.721894 0.040151 0.044861
2 0.641703 0.819231 0.008771 0.067574
2 0.567240 0.448093 0.015500 0.065926
2 0.537857 0.501347 0.025286 0.050435
2 0.515117 0.562542 0.020339 0.037565
2 0.507385 0.642866 0.031000 0.017787
2 0.519914 0.701639 0.030995 0.017315
2 0.542951 0.759861 0.020901 0.053741
2 0.601284 0.820694 0.007547 0.071407
2 0.616333 0.436537 0.006146 0.067278
2 0.568310 0.808713 0.018391 0.072704
