3 0.590826 0.648333 0.411859 0.703333
0 0.575612 0.692065 0.215828 0.382722
1 0.577219 0.693042 0.286104 0.463880
2 0.461292 0.701532 0.021354 0.011694
2 0.579732 0.501681 0.005568 0.050435
2 0.655122 0.554005 0.031318 0.054861
2 0.677258 0.623106 0.038234 0.050602
2 0.691951 0.715421 0.051286 0.028343
2 0.478940 0.755167 0.035359 0.017500
2 0.505104 0.815708 0.021260 0.052917
2 0.530208 0.863949 0.017583 0.071657
2 0.604156 0.876074 0.008906 0.072944
2 0.669464 0.776699 0.042917 0.046083
2 0.643164 0.842796 0.033828 0.066000
2 0.562516 0.875690 0.006927 0.071694
2 0.474065 0.613366 0.025630 0.043769
2 0.533638 0.523593 0.007214 0.031907
2 0.499883 0.556227 0.025234 0.048750
2 0.615599 0.526111 0.007656 0.045556
