3 0.631664 0.624051 0.411078 0.746250
0 0.614904 0.636282 0.214370 0.385731
1 0.617979 0.641032 0.279729 0.499917
2 0.660750 0.455741 0.013719 0.065074
2 0.701617 0.492213 0.036484 0.064889
2 0.719750 0.566981 0.035021 0.048593
2 0.735120 0.657208 0.051375 0.028120
2 0.685401 0.785273 0.031688 0.064380
2 0.712508 0.722236 0.040151 0.044861
2 0.621380 0.430944 0.005604 0.067481
2 0.646062 0.818486 0.008010 0.068009
2 0.572159 0.447690 0.012964 0.060935
2 0.540875 0.496509 0.026865 0.054741
2 0.516589 0.555894 0.026729 0.043824
2 0.508760 0.640431 0.032552 0.019287
2 0.519745 0.698546 0.039021 0.015722
2 0.546721 0.757833 0.021339 0.050722
2 0.572089 0.805116 0.018927 0.068583
2 0.605362 0.816639 0.008036 0.071444
