2 0.665026 0.633056 0.044365 0.026574
2 0.452594 0.522032 0.026521 0.048009
2 0.476708 0.458162 0.029417 0.066009
2 0.510706 0.424296 0.009641 0.042870
2 0.598716 0.428579 0.014953 0.065157
3 0.568620 0.598931 0.410344 0.753769
0 0.553828 0.596907 0.215417 0.380259
1 0.553448 0.582074 0.284438 0.474648
2 0.440687 0.605213 0.040823 0.021074
2 0.559859 0.400764 0.006146 0.071009
2 0.637773 0.468259 0.039943 0.062426
2 0.656427 0.541616 0.041260 0.053065
2 0.644576 0.699634 0.041266 0.053843
2 0.449250 0.665694 0.046521 0.023426
2 0.476680 0.728898 0.025016 0.062426
2 0.503234 0.775324 0.019313 0.074130
2 0.535497 0.786250 0.008339 0.071019
2 0.616701 0.762051 0.032047 0.069472
2 0.575893 0.796028 0.007484 0.071833
