3 0.578844 0.615389 0.411865 0.746870
0 0.557865 0.614630 0.221885 0.394593
1 0.560701 0.613523 0.276724 0.454454
2 0.450276 0.622500 0.031740 0.017759
2 0.564698 0.417106 0.006698 0.065157
2 0.641115 0.482639 0.035271 0.056574
2 0.662094 0.548574 0.039417 0.054537
2 0.676151 0.644731 0.051260 0.030204
2 0.461362 0.682148 0.035359 0.017500
2 0.486305 0.741940 0.021266 0.052917
2 0.513253 0.786662 0.017578 0.071657
2 0.585346 0.804139 0.006724 0.072741
2 0.653052 0.707435 0.040344 0.048778
2 0.625326 0.770468 0.031224 0.068861
2 0.544234 0.800935 0.006948 0.070296
2 0.459909 0.540366 0.023109 0.042861
2 0.514878 0.430769 0.013818 0.068019
2 0.483195 0.478407 0.025766 0.055148
2 0.601206 0.453625 0.007755 0.040583
