2 0.655815 0.469204 0.009484 0.016870
3 0.573990 0.624449 0.411865 0.746880
0 0.557885 0.621069 0.221885 0.394602
1 0.558341 0.618171 0.276724 0.454454
2 0.440430 0.641056 0.024307 0.011370
2 0.562727 0.425477 0.005068 0.052991
2 0.628242 0.517120 0.015141 0.024815
2 0.657708 0.570324 0.036563 0.049352
2 0.670776 0.662583 0.051260 0.030204
2 0.457992 0.697185 0.035359 0.017500
2 0.482995 0.758634 0.021260 0.052917
2 0.507995 0.806398 0.017583 0.071667
2 0.581146 0.821583 0.006719 0.072741
2 0.648904 0.727259 0.040339 0.048778
2 0.621034 0.790458 0.031224 0.068861
2 0.541464 0.817417 0.006948 0.070296
2 0.461190 0.562755 0.013370 0.024787
2 0.509297 0.436861 0.009177 0.046611
2 0.601018 0.458991 0.014630 0.068352
