3 0.584034 0.616319 0.411859 0.751750
0 0.565841 0.606046 0.216401 0.394593
1 0.568258 0.607125 0.276724 0.454454
2 0.458802 0.619472 0.031906 0.016259
2 0.574190 0.403463 0.002661 0.037481
2 0.651310 0.480329 0.037484 0.061028
2 0.661398 0.564120 0.022828 0.029537
2 0.682354 0.646819 0.047479 0.025991
2 0.467383 0.681500 0.035359 0.017500
2 0.494370 0.742329 0.021260 0.052917
2 0.517927 0.790856 0.018292 0.070769
2 0.592732 0.807741 0.006724 0.072741
2 0.658219 0.710273 0.037896 0.047657
2 0.632471 0.777333 0.031224 0.068870
2 0.550260 0.802648 0.006948 0.070296
2 0.473391 0.550764 0.011417 0.019750
2 0.518742 0.416139 0.008036 0.025463
2 0.610974 0.440088 0.015917 0.068583
