3 0.600466 0.652407 0.408568 0.695185
0 0.582289 0.708787 0.222172 0.386111
1 0.584302 0.702213 0.284583 0.457130
2 0.470177 0.717954 0.020906 0.010667
2 0.622273 0.538861 0.008484 0.050167
2 0.684732 0.641273 0.036370 0.049454
2 0.697891 0.730671 0.049344 0.022491
2 0.679130 0.797079 0.045427 0.046231
2 0.485747 0.775565 0.036391 0.015352
2 0.513948 0.834597 0.021260 0.052917
2 0.538984 0.883625 0.016323 0.068991
2 0.612560 0.894079 0.009557 0.066935
2 0.542430 0.546560 0.004953 0.023065
2 0.651716 0.859676 0.035214 0.065333
2 0.572187 0.895028 0.005021 0.071722
2 0.480831 0.633204 0.025724 0.045963
2 0.588047 0.522699 0.007448 0.044102
2 0.510451 0.580236 0.018703 0.040602
2 0.663000 0.572204 0.031729 0.059111
