3 0.574932 0.609833 0.411865 0.746870
0 0.558047 0.617838 0.221885 0.394602
1 0.562271 0.609037 0.276729 0.454444
2 0.453487 0.625231 0.031901 0.016259
2 0.566083 0.405106 0.005698 0.054287
2 0.635216 0.507690 0.014266 0.022639
2 0.664789 0.559940 0.039651 0.050250
2 0.676448 0.652569 0.048688 0.028417
2 0.464052 0.684653 0.035365 0.017491
2 0.484359 0.736069 0.021260 0.052917
2 0.514010 0.793861 0.018292 0.070759
2 0.587060 0.810259 0.006724 0.072741
2 0.654008 0.715519 0.040339 0.048778
2 0.621742 0.771639 0.031224 0.068870
2 0.546599 0.807620 0.006948 0.070296
2 0.467227 0.554407 0.010286 0.018444
2 0.515948 0.427671 0.007729 0.028120
2 0.604242 0.436167 0.013495 0.069278
