3 0.594617 0.651019 0.411859 0.697963
0 0.576372 0.697458 0.215828 0.382731
1 0.576458 0.701810 0.284583 0.457139
2 0.464219 0.711282 0.021354 0.011694
2 0.580464 0.508838 0.005573 0.050435
2 0.653849 0.569625 0.026573 0.047028
2 0.678721 0.632856 0.038234 0.050602
2 0.692315 0.725181 0.051286 0.028343
2 0.480404 0.765574 0.035359 0.017500
2 0.507667 0.826764 0.021260 0.052917
2 0.533500 0.874356 0.017583 0.071657
2 0.605987 0.889079 0.008911 0.072935
2 0.672021 0.788403 0.042917 0.046083
2 0.645721 0.852556 0.033828 0.066000
2 0.566542 0.888046 0.006927 0.071704
2 0.475529 0.625722 0.025630 0.043759
2 0.535102 0.533991 0.007214 0.031907
2 0.500615 0.565977 0.025240 0.048750
2 0.618604 0.525403 0.012062 0.068398
