3 0.584034 0.613880 0.411859 0.746870
0 0.567661 0.607662 0.216406 0.394602
1 0.570990 0.600653 0.276729 0.454454
2 0.459784 0.619472 0.031901 0.016259
2 0.574654 0.405551 0.005099 0.047769
2 0.653596 0.481681 0.037484 0.061028
2 0.670424 0.555093 0.036536 0.048963
2 0.684096 0.646255 0.048682 0.028417
2 0.470445 0.679981 0.035359 0.017500
2 0.495964 0.739282 0.021260 0.052917
2 0.520867 0.788028 0.018297 0.070759
2 0.593469 0.804472 0.006719 0.072741
2 0.661341 0.709037 0.040339 0.048778
2 0.633628 0.772398 0.031224 0.068870
2 0.553693 0.799167 0.006948 0.070296
2 0.473984 0.543977 0.015052 0.023324
2 0.523966 0.422569 0.008036 0.025454
2 0.615195 0.441157 0.015911 0.068593
