3 0.569526 0.606472 0.410365 0.748352
0 0.549635 0.605139 0.221250 0.388611
1 0.556042 0.605185 0.266875 0.441852
2 0.443596 0.614593 0.034068 0.016741
2 0.560451 0.411931 0.006495 0.066269
2 0.639474 0.477009 0.038333 0.060370
2 0.655083 0.555259 0.036510 0.041944
2 0.644844 0.707019 0.037240 0.046667
2 0.453471 0.674935 0.035672 0.018593
2 0.479802 0.737111 0.022083 0.055926
2 0.504359 0.784519 0.018229 0.069537
2 0.536680 0.797944 0.006724 0.072741
2 0.618206 0.771949 0.031307 0.071120
2 0.577229 0.801954 0.005677 0.072500
2 0.476023 0.468236 0.027484 0.062583
2 0.511906 0.433301 0.012063 0.045435
2 0.601130 0.435440 0.015917 0.068583
2 0.665510 0.640773 0.042438 0.024861
2 0.454924 0.529889 0.025078 0.046296
