3 0.580362 0.623481 0.411859 0.746870
0 0.562414 0.624069 0.221891 0.394602
1 0.566768 0.625662 0.276724 0.454454
2 0.455766 0.633338 0.031740 0.017769
2 0.569880 0.427944 0.006698 0.065148
2 0.649182 0.490792 0.037990 0.061954
2 0.667583 0.563750 0.039417 0.054537
2 0.680724 0.658819 0.051260 0.030213
2 0.462430 0.684588 0.035359 0.017491
2 0.492096 0.752236 0.021266 0.052917
2 0.517521 0.800755 0.017583 0.071657
2 0.589612 0.814435 0.006724 0.072741
2 0.656102 0.719361 0.040339 0.048778
2 0.629289 0.782935 0.031224 0.068870
2 0.549719 0.811769 0.006948 0.070296
2 0.464786 0.549579 0.023115 0.042861
2 0.521740 0.450287 0.010458 0.039833
2 0.488523 0.488722 0.027307 0.058370
2 0.608846 0.454708 0.011786 0.061269
