3 0.628516 0.626065 0.413698 0.744907
0 0.609495 0.624852 0.217719 0.386111
1 0.610125 0.639171 0.284583 0.499917
2 0.502284 0.643662 0.031693 0.017417
2 0.652810 0.457037 0.012922 0.067037
2 0.693948 0.495259 0.037104 0.066074
2 0.711253 0.571134 0.036214 0.045917
2 0.723628 0.657319 0.046151 0.023157
2 0.514219 0.703856 0.035375 0.020583
2 0.540451 0.762060 0.020693 0.056435
2 0.566128 0.807407 0.016318 0.069000
2 0.639203 0.822005 0.008250 0.071250
2 0.674086 0.779625 0.023901 0.049435
2 0.702727 0.721509 0.037255 0.043833
2 0.598245 0.822528 0.006687 0.074352
2 0.533315 0.500704 0.027214 0.056519
2 0.612703 0.436694 0.005250 0.060889
2 0.565023 0.459583 0.011193 0.043426
2 0.507456 0.556819 0.026089 0.045583
