3 0.564128 0.613991 0.411078 0.748722
0 0.542604 0.620662 0.223229 0.419046
1 0.548190 0.625444 0.281526 0.472222
2 0.588013 0.448875 0.014682 0.066306
2 0.622294 0.497944 0.031349 0.048481
2 0.645661 0.565935 0.038885 0.043352
2 0.658307 0.654949 0.051375 0.028120
2 0.607068 0.780380 0.031687 0.064370
2 0.634633 0.717144 0.040151 0.044861
2 0.567599 0.809718 0.008771 0.067565
2 0.500672 0.441495 0.011833 0.044250
2 0.469750 0.481829 0.023771 0.054769
2 0.446565 0.543375 0.020339 0.037565
2 0.435841 0.623407 0.030995 0.017796
2 0.447831 0.684361 0.030995 0.017315
2 0.470461 0.745787 0.020901 0.053741
2 0.525706 0.807551 0.007547 0.071398
2 0.549513 0.426037 0.006182 0.054296
2 0.495008 0.794532 0.018391 0.072713
