3 0.634576 0.642963 0.411078 0.714074
0 0.621276 0.674074 0.227448 0.405370
1 0.622167 0.666116 0.279729 0.499917
2 0.662018 0.515380 0.011068 0.038537
2 0.704279 0.535519 0.036484 0.064889
2 0.722156 0.611704 0.035021 0.048593
2 0.736484 0.702829 0.051375 0.028120
2 0.688339 0.830898 0.031687 0.064370
2 0.713299 0.762810 0.040151 0.044861
2 0.648630 0.862227 0.008010 0.068009
2 0.573083 0.488449 0.010292 0.044398
2 0.545703 0.544968 0.026865 0.054750
2 0.518958 0.603889 0.027490 0.045667
2 0.508977 0.689051 0.031703 0.015417
2 0.523714 0.744468 0.034927 0.018287
2 0.549357 0.805144 0.021339 0.050731
2 0.576495 0.852199 0.017146 0.071750
2 0.608982 0.864296 0.007547 0.071407
