3 0.608365 0.633903 0.410385 0.732194
0 0.592549 0.648454 0.217724 0.386111
1 0.592792 0.651319 0.284583 0.499917
2 0.483432 0.664148 0.033115 0.017815
2 0.595589 0.467014 0.004969 0.052546
2 0.676836 0.516542 0.038828 0.067898
2 0.693852 0.593903 0.036568 0.046694
2 0.706724 0.681843 0.047073 0.024648
2 0.495232 0.725273 0.034901 0.017657
2 0.520792 0.784736 0.021260 0.052917
2 0.547320 0.830731 0.016318 0.069000
2 0.619997 0.844880 0.008026 0.072093
2 0.660302 0.814625 0.033375 0.068194
2 0.687089 0.747194 0.042854 0.047056
2 0.579315 0.845597 0.006682 0.074361
2 0.489706 0.579815 0.027203 0.045611
2 0.547154 0.482023 0.011734 0.041509
2 0.514307 0.520245 0.027844 0.057250
2 0.634659 0.488231 0.011203 0.057019
