3 0.603505 0.635722 0.410385 0.728556
0 0.585852 0.660491 0.217724 0.386111
1 0.586135 0.655866 0.284583 0.499917
2 0.478174 0.657569 0.031995 0.020343
2 0.590115 0.454407 0.006021 0.057296
2 0.670333 0.507625 0.037740 0.067509
2 0.689656 0.586412 0.039365 0.047694
2 0.700107 0.673866 0.048464 0.026250
2 0.489060 0.717477 0.034901 0.017657
2 0.514172 0.777495 0.021260 0.052917
2 0.541034 0.821917 0.016318 0.069000
2 0.614018 0.836227 0.009411 0.073065
2 0.652737 0.803954 0.033380 0.068204
2 0.681307 0.741907 0.043219 0.049000
2 0.573620 0.835824 0.006135 0.076352
2 0.484461 0.571856 0.027203 0.045620
2 0.541747 0.474148 0.010786 0.043315
2 0.509078 0.511866 0.027844 0.057250
2 0.629638 0.476444 0.013224 0.063444
