3 0.599927 0.648995 0.411865 0.702009
0 0.579404 0.690713 0.215828 0.382722
1 0.580250 0.700458 0.284583 0.457139
2 0.467393 0.706579 0.021349 0.011694
2 0.585318 0.511519 0.005740 0.045074
2 0.662849 0.555676 0.035760 0.063019
2 0.683591 0.627593 0.038234 0.050611
2 0.698951 0.718278 0.051286 0.028333
2 0.485695 0.761806 0.035359 0.017500
2 0.512073 0.819866 0.021260 0.052917
2 0.537911 0.868083 0.017583 0.071667
2 0.611453 0.881236 0.008906 0.072935
2 0.677104 0.781255 0.042917 0.046083
2 0.650664 0.846907 0.033828 0.066000
2 0.570422 0.879264 0.006927 0.071694
2 0.480469 0.618824 0.025625 0.043759
2 0.541182 0.534611 0.005281 0.024407
2 0.512789 0.574921 0.011828 0.025213
2 0.623633 0.524338 0.010859 0.050528
