3 0.602594 0.639444 0.410385 0.721111
0 0.584943 0.646796 0.217719 0.386111
1 0.585010 0.656023 0.284583 0.499917
2 0.475424 0.673718 0.031995 0.020343
2 0.584365 0.484120 0.004562 0.048981
2 0.665734 0.526847 0.037740 0.067509
2 0.686135 0.603792 0.039365 0.047694
2 0.698779 0.693088 0.048464 0.026250
2 0.486943 0.733449 0.034906 0.017657
2 0.512901 0.792069 0.021260 0.052917
2 0.539555 0.838435 0.016318 0.069000
2 0.611266 0.854801 0.009417 0.073065
2 0.650237 0.821403 0.033380 0.068194
2 0.677719 0.758051 0.043240 0.047491
2 0.570927 0.854296 0.006135 0.076352
2 0.481284 0.591389 0.027203 0.045611
2 0.538362 0.493509 0.010786 0.043315
2 0.505904 0.531773 0.027849 0.057250
2 0.622596 0.507528 0.006370 0.034130
