3 0.552047 0.628995 0.406073 0.742009
0 0.526122 0.638560 0.214370 0.381694
1 0.529198 0.632403 0.279729 0.499917
2 0.572271 0.477440 0.013719 0.065065
2 0.617552 0.504815 0.017188 0.030556
2 0.626393 0.594472 0.036484 0.044315
2 0.642073 0.680847 0.051375 0.028120
2 0.591083 0.804944 0.031687 0.064370
2 0.618547 0.742625 0.040156 0.044861
2 0.532724 0.448583 0.005604 0.067481
2 0.552453 0.835903 0.008010 0.068009
2 0.485745 0.470921 0.008479 0.040731
2 0.452992 0.506644 0.024953 0.060731
2 0.428477 0.564514 0.023349 0.046435
2 0.420661 0.648819 0.032552 0.019287
2 0.429081 0.709190 0.039026 0.015713
2 0.456008 0.769560 0.021339 0.050731
2 0.481323 0.817074 0.018927 0.068593
2 0.512492 0.832787 0.008036 0.071444
