2 0.611701 0.533500 0.006984 0.031648
3 0.590453 0.661296 0.408573 0.677407
0 0.574628 0.726630 0.222172 0.382722
1 0.571661 0.732060 0.284583 0.457139
2 0.457482 0.735866 0.022151 0.011769
2 0.604669 0.576787 0.003474 0.029870
2 0.669612 0.663162 0.036370 0.049454
2 0.685823 0.749792 0.049344 0.022491
2 0.665578 0.816958 0.045427 0.046231
2 0.470977 0.795171 0.039797 0.020231
2 0.500477 0.853060 0.021266 0.052917
2 0.526648 0.900315 0.016318 0.069000
2 0.599492 0.912926 0.009557 0.066926
2 0.528526 0.561218 0.004969 0.026509
2 0.638956 0.880370 0.035214 0.065333
2 0.558813 0.913120 0.005021 0.071722
2 0.468177 0.647750 0.025625 0.043759
2 0.573690 0.535269 0.005328 0.053130
2 0.495674 0.592917 0.021349 0.046759
2 0.644323 0.599708 0.022500 0.035528
