3 0.600466 0.650787 0.408568 0.698426
0 0.584107 0.699074 0.222172 0.386111
1 0.584302 0.700597 0.284583 0.457139
2 0.468714 0.708199 0.020906 0.010657
2 0.621909 0.537556 0.008484 0.050167
2 0.683633 0.632819 0.036370 0.049454
2 0.697891 0.721569 0.049344 0.022491
2 0.679130 0.787977 0.045427 0.046231
2 0.484833 0.765824 0.037479 0.017981
2 0.512120 0.824838 0.021260 0.052917
2 0.539352 0.873222 0.016318 0.069000
2 0.612195 0.884324 0.009557 0.066926
2 0.541698 0.536810 0.004958 0.023065
2 0.652081 0.852523 0.035214 0.065343
2 0.571089 0.885273 0.005021 0.071713
2 0.481195 0.622148 0.025724 0.045963
2 0.587318 0.514583 0.007448 0.047315
2 0.509352 0.571130 0.018703 0.040593
2 0.661794 0.563630 0.031724 0.059111
