3 0.576750 0.616319 0.411865 0.751750
0 0.560573 0.605106 0.220625 0.394602
1 0.563505 0.605708 0.282021 0.455361
2 0.450901 0.620407 0.031906 0.016259
2 0.566758 0.410269 0.005443 0.058870
2 0.645505 0.482435 0.037635 0.058389
2 0.661930 0.560352 0.036526 0.042685
2 0.670776 0.645889 0.039073 0.026000
2 0.461060 0.680565 0.035359 0.017500
2 0.486995 0.740458 0.021260 0.052917
2 0.511607 0.791796 0.018297 0.070759
2 0.584831 0.807741 0.006724 0.072741
2 0.651370 0.711208 0.037896 0.047657
2 0.625096 0.776398 0.031224 0.068870
2 0.544469 0.800778 0.006948 0.070296
2 0.466958 0.552194 0.011417 0.019759
2 0.515529 0.433287 0.008036 0.025463
2 0.606755 0.439014 0.015917 0.068583
