3 0.637307 0.643148 0.411073 0.713704
0 0.623276 0.676667 0.227448 0.405370
1 0.628359 0.670968 0.288469 0.499917
2 0.667268 0.497236 0.014682 0.066306
2 0.707135 0.536380 0.036177 0.064852
2 0.727448 0.610407 0.038000 0.050389
2 0.739698 0.703153 0.051375 0.028120
2 0.690979 0.829236 0.031687 0.064380
2 0.717482 0.765264 0.040151 0.044861
2 0.652766 0.862134 0.008771 0.067565
2 0.577570 0.496810 0.012953 0.043806
2 0.546568 0.539583 0.026865 0.054741
2 0.525331 0.602139 0.020339 0.037556
2 0.509924 0.686843 0.021516 0.010667
2 0.528961 0.741870 0.030995 0.017315
2 0.552872 0.803361 0.020901 0.053741
2 0.611664 0.864278 0.007547 0.071407
2 0.626495 0.481231 0.005500 0.052352
2 0.579516 0.851699 0.017771 0.072194
