2 0.608378 0.498755 0.005297 0.030102
3 0.580206 0.653981 0.411859 0.692037
0 0.558773 0.698269 0.215828 0.382722
1 0.566604 0.689667 0.287625 0.470630
2 0.454138 0.702421 0.031974 0.018231
2 0.565737 0.496875 0.006984 0.066213
2 0.638385 0.569954 0.024479 0.040093
2 0.662693 0.632500 0.034927 0.045185
2 0.678427 0.722810 0.051292 0.028343
2 0.465966 0.761324 0.035359 0.017500
2 0.491174 0.820690 0.021266 0.052917
2 0.517081 0.870597 0.017578 0.071657
2 0.590661 0.883546 0.007906 0.072963
2 0.656823 0.786398 0.042917 0.046093
2 0.630117 0.850148 0.033828 0.066000
2 0.549562 0.882394 0.006927 0.071694
2 0.461049 0.619236 0.025630 0.043769
2 0.516096 0.514111 0.013547 0.055815
2 0.484763 0.558185 0.025766 0.055148
2 0.600174 0.543278 0.005693 0.029889
