3 0.603505 0.629583 0.410385 0.740833
0 0.589771 0.641046 0.217719 0.386111
1 0.588625 0.647616 0.284583 0.499917
2 0.478966 0.650523 0.031995 0.020343
2 0.591385 0.440194 0.006604 0.069463
2 0.671682 0.504625 0.040802 0.065917
2 0.690510 0.580995 0.039365 0.047694
2 0.703513 0.669931 0.047349 0.026620
2 0.490768 0.709894 0.034901 0.017657
2 0.518563 0.766875 0.021260 0.052917
2 0.543414 0.815843 0.016318 0.069000
2 0.617068 0.830477 0.009417 0.073065
2 0.656396 0.798755 0.033375 0.068194
2 0.682344 0.732806 0.042854 0.047056
2 0.575693 0.828241 0.006135 0.076352
2 0.485799 0.567412 0.027203 0.045620
2 0.543526 0.467144 0.011740 0.041509
2 0.511516 0.505366 0.027844 0.057250
2 0.629234 0.473231 0.010000 0.057000
