3 0.587792 0.639824 0.411865 0.720352
0 0.570909 0.659162 0.215828 0.382731
1 0.568120 0.661352 0.287625 0.470630
2 0.460234 0.669454 0.031979 0.018222
2 0.572208 0.478819 0.006208 0.038194
2 0.648667 0.529532 0.031833 0.055917
2 0.669427 0.598634 0.038229 0.050602
2 0.685794 0.688940 0.051286 0.028343
2 0.471810 0.729713 0.035359 0.017500
2 0.498031 0.788625 0.021260 0.052917
2 0.522667 0.838532 0.017583 0.071657
2 0.597005 0.850569 0.008906 0.072935
2 0.663172 0.751630 0.042917 0.046093
2 0.636721 0.817185 0.033828 0.066000
2 0.555911 0.849426 0.006927 0.071704
2 0.467401 0.586269 0.025625 0.043759
2 0.527263 0.498963 0.004422 0.021074
2 0.492130 0.526130 0.025771 0.055148
2 0.608620 0.497565 0.006510 0.042722
