3 0.572422 0.609491 0.410365 0.751574
0 0.550589 0.605139 0.223156 0.388611
1 0.553828 0.604630 0.262448 0.440741
2 0.445883 0.619435 0.034786 0.015759
2 0.561521 0.415546 0.006875 0.069074
2 0.640885 0.482963 0.038333 0.060370
2 0.655792 0.560907 0.036510 0.041944
2 0.646255 0.711722 0.037240 0.046667
2 0.456117 0.680894 0.035672 0.018583
2 0.481214 0.743065 0.022083 0.055926
2 0.506474 0.789222 0.018229 0.069537
2 0.538622 0.802333 0.006724 0.072741
2 0.619964 0.776796 0.031667 0.070833
2 0.579521 0.807278 0.005677 0.072500
2 0.478635 0.473593 0.027490 0.062593
2 0.511427 0.436727 0.012062 0.045435
2 0.602576 0.440588 0.015911 0.068583
2 0.666958 0.646773 0.042438 0.024861
2 0.455727 0.534889 0.025078 0.046296
