3 0.631846 0.628565 0.411078 0.742870
0 0.615781 0.641060 0.223229 0.401583
1 0.622461 0.640972 0.281526 0.472222
2 0.660440 0.461361 0.014682 0.066296
2 0.699331 0.498338 0.036182 0.064861
2 0.719398 0.573343 0.037995 0.050389
2 0.732927 0.661968 0.051375 0.028120
2 0.684763 0.787403 0.031682 0.064380
2 0.711448 0.724949 0.040156 0.044861
2 0.646607 0.819866 0.008766 0.067565
2 0.573099 0.461000 0.011833 0.044259
2 0.541505 0.500565 0.026865 0.054741
2 0.518987 0.563662 0.020339 0.037565
2 0.509146 0.643694 0.031000 0.017796
2 0.522013 0.702315 0.030995 0.017315
2 0.546836 0.762176 0.020901 0.053741
2 0.604716 0.820819 0.007547 0.071398
2 0.621276 0.445926 0.006615 0.045741
2 0.572263 0.809361 0.018391 0.072704
