3 0.628023 0.630324 0.411078 0.739352
0 0.610354 0.648815 0.214365 0.389778
1 0.613430 0.646699 0.279724 0.499917
2 0.653687 0.467782 0.013719 0.065065
2 0.695063 0.501963 0.036490 0.064889
2 0.711625 0.577366 0.035021 0.048602
2 0.729026 0.668495 0.051375 0.028120
2 0.679560 0.796565 0.031682 0.064370
2 0.705398 0.730815 0.040151 0.044852
2 0.614737 0.453870 0.005828 0.051630
2 0.640729 0.830227 0.008010 0.068009
2 0.566951 0.469347 0.011193 0.048324
2 0.536047 0.511412 0.026865 0.054750
2 0.510620 0.570333 0.027490 0.045667
2 0.502406 0.653532 0.032552 0.019287
2 0.513385 0.714815 0.038021 0.022963
2 0.541893 0.770028 0.021339 0.050722
2 0.568156 0.817088 0.017146 0.071750
2 0.599763 0.831523 0.007547 0.071398
