3 0.584604 0.632130 0.411865 0.735741
0 0.564211 0.645343 0.215828 0.376241
1 0.568474 0.652440 0.276729 0.454454
2 0.458698 0.653037 0.033260 0.016370
2 0.570310 0.449213 0.006984 0.066204
2 0.645010 0.516977 0.032583 0.051657
2 0.665852 0.583565 0.038807 0.046907
2 0.683120 0.673736 0.051885 0.027528
2 0.468786 0.714194 0.035365 0.017500
2 0.494542 0.772338 0.021260 0.052917
2 0.519661 0.822486 0.017583 0.071657
2 0.594138 0.832611 0.010036 0.071426
2 0.659591 0.735843 0.040922 0.044981
2 0.632758 0.799639 0.033339 0.067204
2 0.552151 0.831926 0.006948 0.070296
2 0.465047 0.571551 0.025625 0.043769
2 0.521174 0.468843 0.010161 0.046389
2 0.490096 0.511676 0.025766 0.055148
2 0.606005 0.481843 0.006906 0.047019
