3 0.559516 0.614037 0.411865 0.748630
0 0.533531 0.613046 0.215833 0.382722
1 0.548578 0.603375 0.284583 0.457139
2 0.428518 0.622301 0.032036 0.017620
2 0.582823 0.442963 0.014771 0.070556
2 0.638151 0.562977 0.038177 0.042991
2 0.650068 0.652792 0.048615 0.031639
2 0.628229 0.715278 0.040313 0.049444
2 0.437688 0.687843 0.038708 0.026722
2 0.463911 0.743995 0.021260 0.052917
2 0.488531 0.793301 0.017583 0.071657
2 0.561159 0.810250 0.008911 0.072944
2 0.493292 0.426324 0.013667 0.070981
2 0.600826 0.779171 0.032307 0.069250
2 0.520734 0.807190 0.006927 0.071694
2 0.437794 0.539162 0.025630 0.043769
2 0.544221 0.416222 0.007703 0.071519
2 0.462805 0.478755 0.026443 0.057139
2 0.614378 0.495741 0.019682 0.040556
