3 0.611003 0.627546 0.410380 0.744907
0 0.594495 0.638185 0.217719 0.386111
1 0.595125 0.639171 0.284583 0.499917
2 0.485539 0.646639 0.031693 0.017407
2 0.636052 0.464708 0.012896 0.064602
2 0.677474 0.502718 0.036531 0.060102
2 0.695904 0.577588 0.036214 0.045917
2 0.709672 0.664764 0.046146 0.023157
2 0.496359 0.709315 0.035375 0.020574
2 0.522583 0.766755 0.021260 0.052917
2 0.549104 0.813861 0.016323 0.069000
2 0.622180 0.826968 0.008245 0.071250
2 0.661667 0.795269 0.033115 0.066833
2 0.686690 0.730176 0.039234 0.046278
2 0.581779 0.826995 0.006682 0.074361
2 0.518245 0.505667 0.027219 0.056519
2 0.597076 0.444134 0.005245 0.060898
2 0.549388 0.463796 0.010651 0.045926
2 0.492586 0.563958 0.026089 0.045583
