3 0.644589 0.645556 0.411073 0.708889
0 0.634203 0.687991 0.227448 0.405370
1 0.640193 0.685532 0.288469 0.499917
2 0.678000 0.506144 0.012854 0.068213
2 0.719878 0.546458 0.036182 0.064861
2 0.736469 0.612361 0.035802 0.068593
2 0.751523 0.713671 0.051380 0.028120
2 0.701039 0.838120 0.031682 0.064370
2 0.727419 0.774912 0.040151 0.044861
2 0.663370 0.873296 0.008771 0.067574
2 0.592742 0.517648 0.007849 0.041370
2 0.556932 0.544245 0.026865 0.054750
2 0.527755 0.600171 0.018531 0.029787
2 0.519193 0.696167 0.021510 0.010667
2 0.538779 0.750773 0.031724 0.016046
2 0.563969 0.809449 0.021271 0.058324
2 0.621477 0.872514 0.007547 0.071398
2 0.637406 0.497269 0.005500 0.040648
2 0.588599 0.859602 0.017375 0.074778
