1 0.532344 0.601065 0.267604 0.461204
3 0.551445 0.612389 0.405943 0.749185
2 0.619044 0.482912 0.039505 0.065750
2 0.636237 0.559319 0.040234 0.046880
2 0.646659 0.648764 0.045724 0.025361
2 0.624896 0.713796 0.041698 0.051370
2 0.456982 0.468278 0.030766 0.071593
2 0.581003 0.439019 0.016828 0.071593
2 0.490734 0.423477 0.013750 0.068824
2 0.541807 0.413449 0.008531 0.069361
2 0.434648 0.534833 0.025328 0.045519
2 0.423979 0.617750 0.035698 0.018426
2 0.433396 0.678986 0.039656 0.021676
2 0.456107 0.744551 0.029599 0.065028
2 0.516768 0.800912 0.008870 0.071528
2 0.597104 0.777338 0.033531 0.075324
2 0.556865 0.805250 0.007927 0.072611
2 0.483237 0.786551 0.021672 0.070991
0 0.537812 0.601065 0.218437 0.367315
