2 0.657427 0.467667 0.010667 0.019019
3 0.575083 0.623588 0.411865 0.746880
0 0.556052 0.621296 0.221885 0.394593
1 0.553852 0.613486 0.276724 0.454454
2 0.443872 0.635704 0.024307 0.011370
2 0.566385 0.411394 0.004625 0.065009
2 0.629794 0.514727 0.015307 0.024454
2 0.659724 0.571009 0.037854 0.042556
2 0.672443 0.660361 0.048698 0.030630
2 0.459987 0.692421 0.035359 0.017491
2 0.484969 0.752690 0.021260 0.052917
2 0.509693 0.800278 0.018292 0.070759
2 0.583198 0.817486 0.006719 0.072750
2 0.650250 0.722741 0.040344 0.048778
2 0.622656 0.786356 0.031219 0.068861
2 0.541620 0.814222 0.006948 0.070296
2 0.460888 0.556083 0.018849 0.035056
2 0.512813 0.434167 0.006146 0.026667
2 0.604219 0.424380 0.010708 0.049222
