3 0.597740 0.638657 0.410385 0.722685
0 0.580695 0.676731 0.217724 0.386111
1 0.577424 0.659245 0.284578 0.488602
2 0.471117 0.672852 0.033797 0.017630
2 0.585911 0.473088 0.008385 0.061731
2 0.663161 0.528477 0.037740 0.067509
2 0.682193 0.602088 0.039365 0.047694
2 0.693776 0.692148 0.044948 0.023296
2 0.481909 0.732986 0.034901 0.017657
2 0.508135 0.792782 0.021260 0.052917
2 0.533909 0.840866 0.016318 0.068991
2 0.607896 0.855042 0.009417 0.073065
2 0.647060 0.823310 0.033380 0.068194
2 0.674422 0.758940 0.043240 0.047491
2 0.566661 0.852380 0.006135 0.076352
2 0.478768 0.588426 0.025724 0.045963
2 0.533930 0.475514 0.015776 0.073620
2 0.504271 0.529606 0.025521 0.054583
2 0.623409 0.491458 0.014432 0.061991
