2 0.658328 0.456306 0.007812 0.013889
2 0.596990 0.470426 0.003000 0.016000
2 0.564885 0.402528 0.003708 0.023833
3 0.575083 0.612796 0.411865 0.746870
0 0.557568 0.619949 0.221885 0.394602
1 0.559919 0.613486 0.276724 0.454454
2 0.442461 0.626606 0.024307 0.011380
2 0.561633 0.444227 0.002880 0.015491
2 0.628880 0.506032 0.012865 0.024417
2 0.659115 0.560171 0.037854 0.042565
2 0.671526 0.647889 0.048698 0.030630
2 0.458753 0.683639 0.035359 0.017500
2 0.484266 0.743282 0.021260 0.052917
2 0.509521 0.791949 0.017583 0.071657
2 0.582669 0.807139 0.006724 0.072741
2 0.650427 0.711454 0.040344 0.048778
2 0.622305 0.776009 0.031224 0.068870
2 0.541974 0.803870 0.006948 0.070296
2 0.464237 0.551463 0.013370 0.024778
2 0.607708 0.421528 0.007917 0.029167
