3 0.602594 0.631204 0.410385 0.737593
0 0.583122 0.656509 0.217724 0.386111
1 0.580914 0.667079 0.284578 0.499917
2 0.474576 0.656009 0.033797 0.017630
2 0.586385 0.453301 0.006083 0.059009
2 0.667513 0.507977 0.037745 0.067509
2 0.685016 0.586269 0.039365 0.047704
2 0.698372 0.675116 0.048464 0.026250
2 0.486081 0.716468 0.034901 0.017657
2 0.512292 0.775542 0.021260 0.052917
2 0.538536 0.822815 0.016323 0.069000
2 0.611823 0.838088 0.009417 0.073065
2 0.650339 0.804421 0.033375 0.068194
2 0.678531 0.740801 0.043240 0.047491
2 0.570620 0.837769 0.006135 0.076352
2 0.482352 0.571792 0.027203 0.045620
2 0.537385 0.460019 0.014875 0.069481
2 0.506646 0.512046 0.028594 0.057685
2 0.626224 0.474671 0.010417 0.056972
