3 0.636214 0.620833 0.411073 0.749444
0 0.619456 0.623745 0.214370 0.381694
1 0.622531 0.635366 0.279729 0.499917
2 0.661969 0.450866 0.013719 0.065065
2 0.704362 0.486792 0.036484 0.064880
2 0.720667 0.563185 0.035021 0.048593
2 0.737557 0.653412 0.051375 0.028120
2 0.687536 0.780935 0.031687 0.064370
2 0.714034 0.715190 0.040151 0.044861
2 0.622904 0.427153 0.005599 0.067472
2 0.646977 0.813616 0.008005 0.068009
2 0.575214 0.454185 0.009906 0.038185
2 0.542703 0.491630 0.026865 0.054741
2 0.518417 0.552102 0.026729 0.043833
2 0.511807 0.633389 0.032552 0.019296
2 0.519745 0.692046 0.039021 0.015722
2 0.547633 0.752417 0.021339 0.050722
2 0.573917 0.800782 0.018927 0.068583
2 0.607492 0.813931 0.008036 0.071454
