3 0.595010 0.642685 0.410385 0.714630
0 0.577055 0.676731 0.217724 0.386111
1 0.575604 0.669773 0.284583 0.499917
2 0.467164 0.686120 0.033797 0.017630
2 0.576023 0.488676 0.004411 0.047722
2 0.660526 0.533940 0.037740 0.067509
2 0.678242 0.612236 0.039370 0.047694
2 0.692453 0.700333 0.049323 0.022500
2 0.480151 0.744694 0.034906 0.017648
2 0.505943 0.805273 0.021260 0.052917
2 0.533034 0.851787 0.016318 0.069000
2 0.605263 0.865190 0.009411 0.073065
2 0.643987 0.831894 0.033380 0.068194
2 0.670911 0.767523 0.043240 0.047491
2 0.564906 0.864866 0.006135 0.076343
2 0.475258 0.602472 0.025724 0.045963
2 0.529536 0.500870 0.014906 0.051000
2 0.499661 0.543657 0.028594 0.057685
2 0.616982 0.501824 0.010411 0.056981
