3 0.606836 0.652454 0.410380 0.695093
0 0.586161 0.711759 0.217719 0.386111
1 0.590401 0.684847 0.284583 0.499917
2 0.476328 0.716431 0.031688 0.017417
2 0.625930 0.540569 0.012620 0.043361
2 0.668268 0.562079 0.038255 0.070083
2 0.686539 0.641875 0.035984 0.044676
2 0.700448 0.727051 0.046708 0.021454
2 0.489971 0.773866 0.035380 0.020583
2 0.516000 0.834023 0.021260 0.052917
2 0.542992 0.879597 0.016318 0.068991
2 0.616477 0.893088 0.009443 0.070120
2 0.657339 0.860338 0.035635 0.066176
2 0.681247 0.793106 0.041776 0.045269
2 0.575221 0.890579 0.006682 0.074361
2 0.507875 0.571148 0.027521 0.054519
2 0.584000 0.532454 0.002729 0.026759
2 0.539526 0.529907 0.010615 0.043889
2 0.484148 0.628977 0.026089 0.045583
