3 0.584542 0.619648 0.410385 0.742907
0 0.576776 0.648731 0.217719 0.386111
1 0.570078 0.634167 0.284583 0.488611
2 0.472815 0.656278 0.031047 0.018148
2 0.622992 0.474639 0.012557 0.069278
2 0.682352 0.588028 0.038661 0.045833
2 0.697232 0.675736 0.049328 0.026972
2 0.675794 0.739384 0.040849 0.043009
2 0.483258 0.713463 0.036391 0.015352
2 0.509711 0.776662 0.021266 0.052917
2 0.535721 0.822694 0.016318 0.069000
2 0.608352 0.835801 0.007255 0.066528
2 0.537982 0.472398 0.010516 0.044333
2 0.648076 0.804981 0.032911 0.069815
2 0.568073 0.834088 0.006562 0.071713
2 0.480456 0.572565 0.025724 0.045963
2 0.586016 0.449250 0.007250 0.068704
2 0.504440 0.511931 0.028870 0.059435
2 0.662807 0.513981 0.033750 0.058389
