3 0.578573 0.620352 0.411865 0.746870
0 0.559414 0.626736 0.221891 0.394602
1 0.565003 0.614699 0.276724 0.454454
2 0.453487 0.626315 0.031901 0.016259
2 0.570344 0.406685 0.004312 0.043000
2 0.635826 0.507153 0.014266 0.022639
2 0.666008 0.559940 0.039651 0.050250
2 0.677971 0.654190 0.048682 0.028417
2 0.463747 0.686824 0.035359 0.017500
2 0.488932 0.746005 0.021260 0.052917
2 0.514318 0.796032 0.018292 0.070769
2 0.587974 0.811889 0.006719 0.072741
2 0.654924 0.717685 0.040339 0.048778
2 0.626315 0.780213 0.031224 0.068870
2 0.547208 0.807620 0.006948 0.070296
2 0.469885 0.554468 0.007646 0.017213
2 0.518958 0.430657 0.011094 0.047148
2 0.607760 0.445102 0.013500 0.069278
