3 0.623289 0.653796 0.411078 0.692407
0 0.602656 0.709676 0.223229 0.409352
1 0.610081 0.691787 0.281526 0.472222
2 0.640815 0.542435 0.008370 0.040796
2 0.686161 0.564963 0.038958 0.066907
2 0.703451 0.642537 0.035516 0.047130
2 0.721016 0.732005 0.051375 0.028120
2 0.671568 0.859412 0.031687 0.064380
2 0.697669 0.793880 0.040151 0.044852
2 0.634182 0.894106 0.008771 0.067565
2 0.556010 0.519079 0.015500 0.065917
2 0.527849 0.574685 0.025281 0.050444
2 0.505516 0.637773 0.020333 0.037565
2 0.497122 0.715662 0.030995 0.017787
2 0.511685 0.775796 0.030995 0.017315
2 0.534924 0.835185 0.020901 0.053741
2 0.594070 0.895296 0.007547 0.071407
2 0.604445 0.507620 0.006141 0.067278
2 0.560742 0.884403 0.018391 0.072713
