3 0.575234 0.606338 0.411865 0.751750
0 0.556255 0.599981 0.216510 0.381111
1 0.557286 0.597347 0.285052 0.455361
2 0.451328 0.610764 0.031906 0.016269
2 0.565422 0.406806 0.005448 0.067537
2 0.644581 0.471250 0.038307 0.061981
2 0.661320 0.549083 0.036526 0.042685
2 0.669727 0.634157 0.037214 0.019463
2 0.461003 0.671463 0.035359 0.017500
2 0.486753 0.731569 0.021266 0.052917
2 0.511484 0.779222 0.018292 0.070759
2 0.585076 0.797009 0.006724 0.072741
2 0.650698 0.700694 0.037896 0.047667
2 0.623216 0.762204 0.029411 0.063685
2 0.544161 0.792648 0.006948 0.070296
2 0.483859 0.465019 0.027490 0.062593
2 0.516721 0.430444 0.008859 0.038296
2 0.605148 0.431153 0.015911 0.068583
2 0.460549 0.526315 0.025078 0.046296
