3 0.603505 0.640093 0.410385 0.719815
0 0.585852 0.679028 0.217724 0.386111
1 0.587714 0.665412 0.284583 0.499917
2 0.477445 0.683583 0.031995 0.020352
2 0.585734 0.487921 0.003844 0.048806
2 0.669240 0.530384 0.037740 0.067509
2 0.689292 0.609171 0.039365 0.047694
2 0.701378 0.695963 0.047349 0.022333
2 0.490159 0.743486 0.034901 0.017657
2 0.516732 0.801560 0.021266 0.052917
2 0.542497 0.850528 0.016318 0.069000
2 0.615846 0.863532 0.009411 0.073065
2 0.654568 0.828014 0.033375 0.068194
2 0.681125 0.763694 0.042854 0.047056
2 0.575083 0.861833 0.006135 0.076352
2 0.485190 0.600468 0.027203 0.045620
2 0.540469 0.496926 0.011146 0.045889
2 0.509078 0.537875 0.027844 0.057250
2 0.626823 0.501093 0.010000 0.057000
