3 0.599562 0.632986 0.410385 0.730787
0 0.581328 0.650352 0.217719 0.386111
1 0.583669 0.654394 0.284578 0.488602
2 0.472083 0.660833 0.031042 0.018148
2 0.622992 0.475292 0.012557 0.069287
2 0.683083 0.589981 0.038656 0.045833
2 0.696865 0.678991 0.049323 0.026963
2 0.675060 0.742634 0.040849 0.043009
2 0.483258 0.718662 0.036391 0.015361
2 0.510443 0.777968 0.021260 0.052917
2 0.536086 0.824648 0.016318 0.069000
2 0.608716 0.839051 0.007255 0.066528
2 0.535789 0.476954 0.010516 0.044333
2 0.648076 0.809532 0.032911 0.069824
2 0.568438 0.836690 0.006563 0.071713
2 0.479357 0.577116 0.025724 0.045972
2 0.584187 0.452500 0.007250 0.068704
2 0.502977 0.515181 0.028870 0.059435
2 0.661198 0.518269 0.033750 0.058389
