3 0.569526 0.606306 0.410385 0.755019
0 0.553388 0.607157 0.217724 0.386111
1 0.556490 0.613940 0.284583 0.488602
2 0.444448 0.611875 0.031042 0.018139
2 0.597807 0.437579 0.015115 0.066639
2 0.653563 0.553407 0.038656 0.045833
2 0.666956 0.644338 0.049734 0.030398
2 0.641500 0.705690 0.039156 0.047120
2 0.452036 0.672838 0.034906 0.017657
2 0.477958 0.732634 0.021260 0.052917
2 0.503122 0.780171 0.016318 0.068991
2 0.575117 0.797042 0.007255 0.066528
2 0.510044 0.429875 0.010516 0.044343
2 0.613456 0.769236 0.032255 0.071343
2 0.533885 0.795491 0.008896 0.069870
2 0.451029 0.526653 0.025724 0.045972
2 0.558922 0.408602 0.007250 0.068704
2 0.476076 0.468653 0.028870 0.059435
2 0.634260 0.483620 0.029708 0.049093
