3 0.568221 0.600597 0.411859 0.750269
0 0.550305 0.599269 0.215828 0.376241
1 0.554568 0.591764 0.276729 0.454454
2 0.442237 0.603727 0.033255 0.016380
2 0.558117 0.403694 0.006984 0.066204
2 0.633729 0.478769 0.033792 0.046796
2 0.653055 0.549421 0.040036 0.043657
2 0.664831 0.639333 0.051276 0.031333
2 0.451107 0.665963 0.035359 0.017500
2 0.475646 0.726810 0.021260 0.052917
2 0.499849 0.776968 0.017583 0.071657
2 0.574326 0.793593 0.010036 0.071426
2 0.639633 0.701444 0.040630 0.049889
2 0.613260 0.764949 0.032750 0.069361
2 0.531727 0.789120 0.006953 0.070296
2 0.450721 0.521694 0.025630 0.043759
2 0.508982 0.422782 0.010161 0.046398
2 0.476380 0.462907 0.025771 0.055148
2 0.597357 0.431486 0.013724 0.060565
