2 0.421357 0.646977 0.037089 0.021676
0 0.531680 0.634935 0.219203 0.380259
1 0.531299 0.632236 0.265474 0.439583
2 0.431643 0.560088 0.027432 0.048769
2 0.431773 0.706810 0.039120 0.021231
2 0.453956 0.492630 0.033443 0.074926
2 0.489094 0.454435 0.011854 0.061000
2 0.539474 0.440157 0.009313 0.071500
2 0.578000 0.467625 0.016510 0.072250
2 0.455026 0.773847 0.030177 0.067250
2 0.483526 0.816926 0.018292 0.072130
2 0.515836 0.829935 0.007318 0.072130
2 0.554852 0.833181 0.012193 0.073213
2 0.596310 0.802569 0.034141 0.069417
2 0.624047 0.739704 0.043896 0.048833
2 0.645997 0.676028 0.049380 0.026611
2 0.606065 0.527005 0.018286 0.032028
2 0.627857 0.493407 0.007620 0.014685
2 0.632430 0.586074 0.038714 0.046111
3 0.552586 0.630329 0.404130 0.739343
