3 0.601385 0.646759 0.410375 0.706481
0 0.585120 0.699796 0.217719 0.386111
1 0.586831 0.681356 0.284578 0.457139
2 0.472323 0.704421 0.020885 0.009602
2 0.625927 0.516389 0.013354 0.070185
2 0.684732 0.628810 0.036370 0.049454
2 0.700938 0.716042 0.049344 0.022491
2 0.679888 0.781921 0.040849 0.043009
2 0.487576 0.759306 0.036391 0.015352
2 0.515776 0.819958 0.021260 0.052917
2 0.541424 0.865741 0.016318 0.069000
2 0.614695 0.879444 0.009557 0.066926
2 0.543651 0.531394 0.004958 0.023065
2 0.655068 0.848838 0.035219 0.065343
2 0.574016 0.880940 0.005021 0.071713
2 0.482659 0.616407 0.025724 0.045963
2 0.586820 0.514833 0.004380 0.037074
2 0.510591 0.565060 0.020245 0.037343
2 0.664206 0.557194 0.031724 0.059111
