3 0.590826 0.646713 0.411859 0.706574
0 0.574854 0.686671 0.215833 0.382731
1 0.577979 0.684278 0.287625 0.470630
2 0.459461 0.704241 0.021349 0.011685
2 0.575464 0.503847 0.005573 0.050435
2 0.649190 0.561847 0.024328 0.043509
2 0.674820 0.626356 0.038234 0.050602
2 0.687685 0.717588 0.051286 0.028343
2 0.476807 0.761130 0.035365 0.017500
2 0.502359 0.822208 0.021260 0.052917
2 0.528076 0.868829 0.017578 0.071657
2 0.602023 0.882032 0.008911 0.072935
2 0.666109 0.778866 0.042917 0.046083
2 0.641333 0.847134 0.033833 0.065991
2 0.560383 0.880023 0.006932 0.071694
2 0.471323 0.618241 0.025625 0.043759
2 0.529065 0.525213 0.007214 0.031907
2 0.496224 0.559477 0.025240 0.048750
2 0.613411 0.517222 0.010469 0.070556
