3 0.606836 0.631991 0.410380 0.736019
0 0.594495 0.642630 0.217719 0.386111
1 0.591792 0.653986 0.284583 0.499917
2 0.483305 0.658546 0.031693 0.017407
2 0.630482 0.493218 0.006224 0.026435
2 0.674964 0.512639 0.036531 0.060093
2 0.690312 0.590000 0.032292 0.040926
2 0.705208 0.675181 0.046146 0.023157
2 0.493846 0.718741 0.035380 0.020574
2 0.520070 0.777171 0.021266 0.052917
2 0.546872 0.823782 0.016318 0.068991
2 0.619378 0.838634 0.007109 0.070769
2 0.658599 0.805194 0.033115 0.066833
2 0.685018 0.741583 0.039234 0.046278
2 0.578711 0.838903 0.006682 0.074361
2 0.514464 0.513611 0.027521 0.054519
2 0.594562 0.454056 0.005250 0.060889
2 0.546307 0.471500 0.011781 0.048370
2 0.489773 0.572532 0.026089 0.045583
