3 0.589914 0.631991 0.411859 0.736019
0 0.574430 0.650588 0.215828 0.394602
1 0.571318 0.661616 0.276729 0.454454
2 0.462930 0.654500 0.033255 0.016370
2 0.576995 0.448630 0.006698 0.065148
2 0.650844 0.522218 0.032583 0.051657
2 0.671185 0.588880 0.038807 0.046907
2 0.689208 0.679685 0.051260 0.030204
2 0.473909 0.714574 0.035359 0.017500
2 0.498701 0.774551 0.021266 0.052917
2 0.524734 0.822699 0.017583 0.071657
2 0.598839 0.837620 0.010031 0.071426
2 0.664383 0.742296 0.040339 0.048778
2 0.637669 0.805694 0.031224 0.068870
2 0.557341 0.834898 0.006953 0.070296
2 0.471201 0.572065 0.025630 0.043759
2 0.526250 0.460384 0.013802 0.063157
2 0.495440 0.509926 0.025766 0.055148
2 0.615456 0.481463 0.012943 0.053481
