3 0.570682 0.599866 0.411865 0.751750
0 0.551198 0.599981 0.216510 0.381111
1 0.554125 0.595662 0.285052 0.455361
2 0.442362 0.606060 0.031901 0.016269
2 0.559034 0.403773 0.006495 0.066269
2 0.637083 0.468898 0.038312 0.061981
2 0.653383 0.547514 0.036526 0.042694
2 0.662674 0.632736 0.040161 0.021324
2 0.453945 0.665713 0.035359 0.017500
2 0.478521 0.726088 0.021260 0.052917
2 0.503104 0.775824 0.018292 0.070759
2 0.575815 0.792565 0.006724 0.072741
2 0.642760 0.699648 0.037896 0.047667
2 0.614839 0.760380 0.029417 0.063685
2 0.535344 0.787944 0.006948 0.070296
2 0.476625 0.460019 0.027490 0.062593
2 0.509099 0.427245 0.011250 0.038972
2 0.602536 0.427940 0.015917 0.068583
2 0.451711 0.521315 0.025078 0.046296
