3 0.598654 0.650602 0.411859 0.698796
0 0.579042 0.705278 0.215833 0.382722
1 0.578615 0.697222 0.284583 0.457130
2 0.466372 0.713662 0.022151 0.011769
2 0.622133 0.526532 0.015109 0.077694
2 0.680409 0.639079 0.036370 0.049454
2 0.697255 0.724954 0.049344 0.022500
2 0.674682 0.789106 0.045427 0.046231
2 0.481773 0.771088 0.039797 0.020231
2 0.510000 0.830486 0.021260 0.052917
2 0.536812 0.877185 0.017583 0.071667
2 0.610174 0.889588 0.008911 0.072935
2 0.539742 0.541106 0.007089 0.026102
2 0.649117 0.855907 0.035214 0.065333
2 0.568651 0.889782 0.006927 0.071694
2 0.478760 0.626301 0.025625 0.043769
2 0.584263 0.518315 0.006578 0.049407
2 0.512195 0.583111 0.010328 0.022704
2 0.661195 0.564708 0.030526 0.055528
