3 0.587792 0.644676 0.411865 0.710648
0 0.567268 0.670491 0.215828 0.382722
1 0.571406 0.668991 0.287625 0.470630
2 0.460995 0.690681 0.031979 0.018231
2 0.572841 0.489861 0.008495 0.053056
2 0.650135 0.547301 0.031833 0.055917
2 0.670307 0.616931 0.038229 0.050602
2 0.685794 0.708810 0.051286 0.028343
2 0.473333 0.750940 0.035365 0.017491
2 0.499557 0.809856 0.021260 0.052917
2 0.525208 0.858856 0.017583 0.071657
2 0.599036 0.870440 0.008906 0.072935
2 0.663427 0.771495 0.042917 0.046083
2 0.637737 0.837056 0.033828 0.066000
2 0.557943 0.869292 0.006927 0.071694
2 0.467909 0.607944 0.025630 0.043759
2 0.526628 0.515676 0.007214 0.031907
2 0.493661 0.549810 0.025240 0.052028
2 0.610417 0.507551 0.010104 0.064176
