3 0.594099 0.649190 0.410385 0.698380
0 0.573742 0.698667 0.217724 0.386111
1 0.576719 0.688102 0.284583 0.488611
2 0.459883 0.708713 0.022422 0.010944
2 0.608268 0.534241 0.006484 0.037185
2 0.672669 0.633778 0.038661 0.045833
2 0.687719 0.722347 0.049323 0.026972
2 0.666169 0.786440 0.040849 0.043009
2 0.475128 0.765176 0.036391 0.015352
2 0.501807 0.826282 0.021260 0.052917
2 0.528721 0.872519 0.016318 0.069000
2 0.602247 0.884866 0.009557 0.066935
2 0.525883 0.519852 0.010516 0.044333
2 0.640844 0.852000 0.035219 0.065333
2 0.561060 0.882745 0.005016 0.071713
2 0.471227 0.620917 0.025724 0.045963
2 0.574651 0.484565 0.007990 0.088574
2 0.491167 0.553560 0.034208 0.071194
2 0.650146 0.563616 0.030125 0.050565
