3 0.571292 0.599315 0.411865 0.746870
0 0.556682 0.608935 0.221885 0.394593
1 0.559542 0.603375 0.276729 0.454454
2 0.445865 0.604005 0.031906 0.016269
2 0.561823 0.403528 0.007083 0.065574
2 0.640299 0.471120 0.038151 0.059648
2 0.655760 0.549333 0.037854 0.042556
2 0.669089 0.639222 0.048698 0.030630
2 0.455414 0.664782 0.035359 0.017491
2 0.479786 0.726134 0.021260 0.052917
2 0.505120 0.775352 0.018292 0.070759
2 0.577406 0.793102 0.006719 0.072741
2 0.645372 0.701065 0.040339 0.048778
2 0.617169 0.763056 0.031224 0.068870
2 0.536438 0.788204 0.006948 0.070296
2 0.453875 0.519245 0.024937 0.047009
2 0.514263 0.426171 0.008422 0.038269
2 0.600724 0.427241 0.013500 0.069278
2 0.480557 0.460486 0.026823 0.060194
