3 0.603505 0.631352 0.410385 0.737296
0 0.585852 0.641944 0.217724 0.386111
1 0.584552 0.646310 0.284583 0.499917
2 0.478174 0.653019 0.031995 0.020352
2 0.589750 0.449856 0.006021 0.057306
2 0.669969 0.505023 0.037740 0.067509
2 0.687828 0.581208 0.039365 0.047694
2 0.700471 0.671264 0.048464 0.026250
2 0.489060 0.711625 0.034901 0.017657
2 0.514172 0.770995 0.021260 0.052917
2 0.541034 0.817361 0.016318 0.069000
2 0.614018 0.832977 0.009411 0.073065
2 0.653836 0.800699 0.033380 0.068194
2 0.681307 0.737356 0.043219 0.048991
2 0.573255 0.833222 0.006135 0.076352
2 0.484461 0.567301 0.027203 0.045620
2 0.541747 0.468296 0.010786 0.043315
2 0.509078 0.507315 0.027844 0.057259
2 0.629430 0.466093 0.012807 0.067000
