3 0.561839 0.607375 0.410385 0.750676
0 0.541161 0.601537 0.217719 0.386111
1 0.541401 0.615514 0.284583 0.499917
2 0.432513 0.614722 0.031693 0.017407
2 0.587565 0.441361 0.014036 0.059204
2 0.621375 0.488407 0.026521 0.044778
2 0.642451 0.557292 0.036557 0.042176
2 0.654401 0.644421 0.046156 0.025880
2 0.443365 0.677116 0.035375 0.020583
2 0.468000 0.736773 0.021260 0.052917
2 0.493596 0.782352 0.016318 0.069000
2 0.565810 0.802292 0.008026 0.072102
2 0.605417 0.772042 0.033375 0.068194
2 0.632547 0.707500 0.042615 0.048704
2 0.524430 0.799292 0.006682 0.074361
2 0.467266 0.470671 0.025573 0.058009
2 0.548557 0.410903 0.006635 0.065509
2 0.499193 0.422245 0.012031 0.069676
2 0.441951 0.530384 0.026089 0.045583
