3 0.580055 0.643472 0.411859 0.713056
0 0.559154 0.676801 0.215828 0.385231
1 0.560258 0.668171 0.276724 0.454454
2 0.451076 0.681222 0.033255 0.016370
2 0.561328 0.471963 0.006698 0.065148
2 0.637086 0.540282 0.032578 0.051657
2 0.659755 0.609574 0.038802 0.046907
2 0.673969 0.700005 0.051260 0.030213
2 0.462690 0.741287 0.035359 0.017500
2 0.488750 0.800514 0.021260 0.052917
2 0.514786 0.849042 0.017583 0.071657
2 0.588042 0.861329 0.010031 0.071417
2 0.651680 0.763750 0.040339 0.048778
2 0.625607 0.828648 0.031224 0.068870
2 0.546969 0.860111 0.006948 0.070296
2 0.458341 0.598102 0.025630 0.043759
2 0.511432 0.484847 0.013802 0.063157
2 0.481258 0.535519 0.025766 0.055148
2 0.595964 0.506116 0.003698 0.037046
