3 0.565964 0.608796 0.412656 0.744815
0 0.549461 0.603787 0.216318 0.388611
1 0.550026 0.602593 0.270052 0.450185
2 0.438125 0.616250 0.033542 0.018426
2 0.553646 0.411481 0.006875 0.069074
2 0.632500 0.478657 0.038854 0.059907
2 0.648932 0.558194 0.036510 0.041944
2 0.637109 0.710370 0.037240 0.046667
2 0.448359 0.677037 0.034427 0.016296
2 0.471563 0.739907 0.022083 0.055926
2 0.496823 0.786065 0.018229 0.069537
2 0.529479 0.799861 0.008750 0.072315
2 0.610313 0.776343 0.031667 0.070833
2 0.569870 0.804120 0.005677 0.072500
2 0.469953 0.470162 0.027490 0.062583
2 0.504193 0.435014 0.012062 0.045435
2 0.598958 0.437588 0.015917 0.068583
2 0.655383 0.642486 0.042443 0.024861
2 0.446565 0.533176 0.025078 0.046296
