3 0.633849 0.627917 0.411073 0.744167
0 0.615401 0.635259 0.223229 0.406148
1 0.617365 0.623824 0.281521 0.472222
2 0.659648 0.457833 0.015245 0.070185
2 0.701104 0.493431 0.038958 0.066917
2 0.718049 0.571130 0.035516 0.047130
2 0.735378 0.660356 0.051380 0.028120
2 0.684122 0.784241 0.031682 0.064370
2 0.711326 0.721894 0.040151 0.044861
2 0.646310 0.822347 0.010089 0.070676
2 0.572068 0.450431 0.015500 0.065917
2 0.543125 0.502130 0.025281 0.050444
2 0.520385 0.562542 0.020333 0.037565
2 0.510896 0.638185 0.031000 0.017796
2 0.524305 0.698519 0.030995 0.017315
2 0.547341 0.761417 0.020901 0.053741
2 0.604794 0.820694 0.007547 0.071407
2 0.621161 0.437324 0.006146 0.067278
2 0.572701 0.809495 0.018391 0.072713
