2 0.506534 0.630069 0.031172 0.017231
2 0.571703 0.450028 0.009042 0.034481
2 0.539240 0.487500 0.027135 0.054296
2 0.515904 0.548653 0.023745 0.040509
2 0.567099 0.796296 0.024063 0.068370
2 0.646156 0.838356 0.003552 0.031324
2 0.602794 0.808213 0.006620 0.072667
2 0.543924 0.750931 0.021641 0.055731
2 0.528904 0.687204 0.018411 0.012630
3 0.630875 0.618500 0.413698 0.743241
0 0.615706 0.620042 0.214370 0.381694
1 0.618781 0.621292 0.279729 0.499917
2 0.659078 0.444106 0.013719 0.065065
2 0.696115 0.488403 0.030479 0.053472
2 0.717810 0.556241 0.033651 0.049333
2 0.729479 0.647644 0.046146 0.023157
2 0.677698 0.767056 0.020854 0.047185
2 0.706552 0.711921 0.032104 0.040602
2 0.619125 0.424296 0.005604 0.067481
2 0.642872 0.791968 0.005589 0.033009
