3 0.570682 0.595815 0.411865 0.743648
0 0.549938 0.603352 0.216510 0.381111
1 0.550964 0.593977 0.285052 0.455361
2 0.442148 0.604551 0.031901 0.016269
2 0.558823 0.400394 0.006500 0.066269
2 0.637083 0.467769 0.038312 0.061981
2 0.654862 0.543750 0.036526 0.042685
2 0.662674 0.630102 0.040161 0.021315
2 0.452039 0.664583 0.035359 0.017500
2 0.478307 0.724579 0.021260 0.052917
2 0.504062 0.773588 0.016375 0.070806
2 0.576237 0.789935 0.006724 0.072741
2 0.642974 0.695884 0.037896 0.047657
2 0.615474 0.756991 0.029417 0.063685
2 0.535766 0.785685 0.006948 0.070296
2 0.477831 0.456449 0.027484 0.062583
2 0.508698 0.423671 0.011250 0.038972
2 0.599924 0.424727 0.015911 0.068583
2 0.452914 0.518463 0.025078 0.046296
