3 0.631664 0.627917 0.411078 0.744167
0 0.615401 0.635259 0.223229 0.406148
1 0.617365 0.630296 0.281521 0.472222
2 0.658271 0.458917 0.015240 0.070185
2 0.698508 0.499931 0.038964 0.066917
2 0.715086 0.576787 0.035516 0.047130
2 0.731938 0.664449 0.051375 0.028120
2 0.680917 0.788509 0.031687 0.064370
2 0.709201 0.726231 0.040151 0.044852
2 0.642922 0.823023 0.008771 0.067565
2 0.568763 0.453509 0.015495 0.065926
2 0.540904 0.507847 0.025286 0.050435
2 0.516945 0.566333 0.020339 0.037556
2 0.507385 0.646116 0.031000 0.017787
2 0.521133 0.704352 0.030995 0.017315
2 0.543867 0.764731 0.020901 0.053741
2 0.602201 0.823403 0.007547 0.071398
2 0.617857 0.437083 0.006141 0.067278
2 0.570445 0.813593 0.018391 0.072704
