3 0.601385 0.654028 0.410375 0.691944
0 0.583703 0.704287 0.219948 0.386111
1 0.584302 0.703829 0.284583 0.457139
2 0.468359 0.721218 0.020885 0.009602
2 0.618458 0.543472 0.005729 0.045278
2 0.682596 0.642898 0.036370 0.049463
2 0.696672 0.730671 0.049344 0.022491
2 0.676687 0.797625 0.045427 0.046231
2 0.484529 0.776648 0.036391 0.015352
2 0.510901 0.837847 0.021260 0.052917
2 0.538070 0.883625 0.016318 0.068991
2 0.611034 0.894620 0.009557 0.066926
2 0.541516 0.546560 0.004958 0.023065
2 0.650497 0.864009 0.035214 0.065333
2 0.570359 0.895569 0.005021 0.071713
2 0.479914 0.633204 0.025724 0.045963
2 0.585914 0.525407 0.007453 0.044093
2 0.509534 0.582403 0.018703 0.040602
2 0.659784 0.572917 0.031724 0.059111
