2 0.449940 0.527606 0.025078 0.047157
3 0.568620 0.603417 0.410344 0.744796
0 0.550990 0.599731 0.214792 0.385907
1 0.553437 0.593843 0.276875 0.462315
2 0.441406 0.611389 0.036458 0.019074
2 0.557292 0.405972 0.006146 0.073611
2 0.636146 0.475741 0.038125 0.061852
2 0.651667 0.553981 0.034687 0.038704
2 0.641302 0.705833 0.040521 0.049259
2 0.452005 0.673148 0.034427 0.018889
2 0.475937 0.734398 0.022813 0.057870
2 0.501198 0.780880 0.019688 0.070833
2 0.532760 0.794352 0.007292 0.071667
2 0.614323 0.769537 0.030938 0.068889
2 0.573151 0.796019 0.006406 0.071852
2 0.474776 0.466736 0.027490 0.062583
2 0.508531 0.432440 0.012063 0.045435
2 0.595341 0.434583 0.015911 0.068593
2 0.660687 0.639060 0.042438 0.024861
