3 0.560073 0.607338 0.410365 0.745120
0 0.544625 0.606046 0.216510 0.381111
1 0.551740 0.606120 0.266875 0.441852
2 0.435518 0.615843 0.034068 0.016741
2 0.552299 0.413940 0.006495 0.066269
2 0.630255 0.479148 0.038312 0.061981
2 0.646693 0.557903 0.037135 0.042343
2 0.637010 0.709213 0.037240 0.046667
2 0.446273 0.676940 0.035672 0.018583
2 0.471359 0.737801 0.021260 0.052917
2 0.496490 0.785528 0.018229 0.069537
2 0.528320 0.800009 0.006724 0.072741
2 0.608891 0.774269 0.031302 0.071111
2 0.568904 0.803176 0.006380 0.072815
2 0.468990 0.469306 0.027490 0.062593
2 0.502260 0.431870 0.012062 0.045444
2 0.584451 0.450088 0.015911 0.068583
2 0.656669 0.643634 0.042443 0.024861
2 0.443674 0.529176 0.025078 0.046296
