2 0.609013 0.424370 0.006349 0.028259
3 0.579453 0.618625 0.411865 0.746880
0 0.558201 0.622194 0.221891 0.394593
1 0.562555 0.621912 0.276724 0.454454
2 0.451107 0.627324 0.028776 0.016278
2 0.567055 0.412310 0.005266 0.051472
2 0.641799 0.489852 0.027443 0.043222
2 0.655477 0.571259 0.023630 0.026407
2 0.678396 0.652426 0.051260 0.030204
2 0.463495 0.687028 0.035365 0.017500
2 0.489766 0.746218 0.021260 0.052917
2 0.513500 0.796236 0.017583 0.071657
2 0.587073 0.808792 0.006719 0.072750
2 0.653560 0.714463 0.040339 0.048778
2 0.626539 0.776912 0.031224 0.068861
2 0.546333 0.806500 0.006948 0.070296
2 0.463740 0.550917 0.017583 0.027389
2 0.513956 0.420681 0.009172 0.046602
2 0.600820 0.464366 0.007786 0.030528
