3 0.603206 0.632199 0.410370 0.732361
0 0.586383 0.648102 0.217724 0.386111
1 0.589359 0.658884 0.284583 0.457139
2 0.473339 0.663773 0.020885 0.009602
2 0.629487 0.474162 0.014880 0.067028
2 0.687909 0.590880 0.038661 0.045833
2 0.703724 0.678088 0.049323 0.026972
2 0.680648 0.741282 0.040849 0.043009
2 0.488083 0.719565 0.036385 0.015352
2 0.516539 0.777060 0.021266 0.052917
2 0.541930 0.825102 0.016318 0.069000
2 0.616216 0.837898 0.009557 0.066926
2 0.544294 0.484199 0.006714 0.028028
2 0.655068 0.805032 0.035219 0.065343
2 0.574523 0.839394 0.005016 0.071713
2 0.485706 0.575759 0.025724 0.045963
2 0.589753 0.457477 0.004661 0.055139
2 0.511474 0.519926 0.023052 0.046333
2 0.668435 0.516111 0.033755 0.055556
