3 0.632755 0.612380 0.411073 0.716981
0 0.620547 0.641065 0.227448 0.405370
1 0.620167 0.638606 0.288469 0.499917
2 0.662086 0.460926 0.014682 0.066296
2 0.703781 0.495736 0.036177 0.064861
2 0.720740 0.574639 0.038000 0.050389
2 0.735427 0.663597 0.051375 0.028120
2 0.686409 0.791301 0.031682 0.064380
2 0.713518 0.726792 0.040151 0.044861
2 0.647276 0.822574 0.008771 0.067574
2 0.572081 0.449676 0.014786 0.065463
2 0.542299 0.503278 0.026859 0.054741
2 0.521367 0.566375 0.020339 0.037565
2 0.505656 0.646741 0.021510 0.010667
2 0.523779 0.703935 0.030995 0.017315
2 0.547690 0.764889 0.020901 0.053741
2 0.606482 0.823093 0.007547 0.071407
2 0.621313 0.446546 0.005500 0.052352
2 0.573417 0.812139 0.017771 0.072204
