3 0.586578 0.632130 0.411865 0.735741
0 0.567878 0.643250 0.215828 0.376241
1 0.572076 0.642741 0.276724 0.454444
2 0.459219 0.652370 0.031979 0.018222
2 0.572935 0.443060 0.006984 0.066213
2 0.648755 0.509384 0.031667 0.052861
2 0.670534 0.580019 0.037484 0.045537
2 0.684352 0.669375 0.051286 0.028343
2 0.471893 0.712028 0.035359 0.017500
2 0.498125 0.770616 0.021260 0.052917
2 0.523854 0.818287 0.017583 0.071667
2 0.596375 0.832366 0.007906 0.072954
2 0.662445 0.734486 0.041464 0.048380
2 0.635083 0.798394 0.032750 0.069361
2 0.555911 0.829708 0.006927 0.071694
2 0.467401 0.566551 0.025625 0.043769
2 0.524560 0.466889 0.010161 0.046389
2 0.492383 0.506630 0.025766 0.055148
2 0.609427 0.473963 0.008125 0.048481
