3 0.591885 0.628102 0.411865 0.743796
0 0.572427 0.631111 0.215833 0.376241
1 0.575112 0.641394 0.276724 0.454454
2 0.464674 0.642861 0.033255 0.016370
2 0.578016 0.437185 0.006979 0.066204
2 0.655104 0.501704 0.031667 0.052852
2 0.674852 0.573694 0.037484 0.045537
2 0.690451 0.663051 0.051286 0.028343
2 0.477990 0.702093 0.035365 0.017500
2 0.502953 0.760681 0.021260 0.052917
2 0.528427 0.809708 0.017583 0.071657
2 0.601203 0.823333 0.007906 0.072963
2 0.666508 0.725903 0.041464 0.048380
2 0.641177 0.791171 0.032750 0.069361
2 0.560727 0.819972 0.006953 0.070296
2 0.474005 0.559329 0.025625 0.043769
2 0.530148 0.457403 0.010161 0.046398
2 0.497971 0.499407 0.025766 0.055148
2 0.615849 0.467190 0.011323 0.053454
