3 0.548690 0.628176 0.404286 0.743648
0 0.525661 0.643806 0.216510 0.381111
1 0.537328 0.634435 0.266875 0.441852
2 0.419424 0.643806 0.034068 0.016741
2 0.532914 0.443199 0.006495 0.066269
2 0.610867 0.511657 0.038307 0.061981
2 0.618898 0.594958 0.022516 0.028065
2 0.635544 0.675083 0.040161 0.021315
2 0.428716 0.706856 0.035672 0.018583
2 0.452703 0.769014 0.021260 0.052917
2 0.478763 0.818023 0.016380 0.070806
2 0.550633 0.837079 0.006724 0.072750
2 0.615844 0.739778 0.037896 0.047667
2 0.589562 0.802509 0.029417 0.063685
2 0.509857 0.829583 0.006953 0.070296
2 0.452513 0.499310 0.027484 0.062583
2 0.484583 0.464394 0.011250 0.038972
2 0.572596 0.467593 0.015911 0.068593
2 0.427195 0.559185 0.025078 0.046296
