2 0.584940 0.524597 0.005484 0.026009
3 0.569891 0.647361 0.411865 0.705278
0 0.550911 0.677556 0.221885 0.394593
1 0.549323 0.676449 0.276729 0.454454
2 0.440828 0.691324 0.031740 0.017759
2 0.551589 0.481593 0.006698 0.065148
2 0.625581 0.553606 0.026755 0.040361
2 0.651120 0.616880 0.038802 0.046907
2 0.666094 0.708130 0.051260 0.030204
2 0.452826 0.749343 0.035359 0.017500
2 0.478380 0.810227 0.021260 0.052917
2 0.504414 0.856569 0.017578 0.071657
2 0.577115 0.870796 0.006719 0.072741
2 0.643299 0.773009 0.040339 0.048778
2 0.617096 0.838204 0.031224 0.068870
2 0.537526 0.869213 0.006948 0.070296
2 0.449849 0.605935 0.023115 0.042852
2 0.502370 0.493352 0.013802 0.063167
2 0.472833 0.545602 0.025771 0.055148
2 0.594565 0.478255 0.007328 0.031324
