3 0.633302 0.627755 0.411073 0.743843
0 0.618594 0.633606 0.229583 0.419046
1 0.619185 0.633532 0.281526 0.472231
2 0.659940 0.459718 0.012828 0.066287
2 0.702917 0.495769 0.038958 0.066907
2 0.718961 0.572176 0.035516 0.047130
2 0.735427 0.663079 0.051375 0.028120
2 0.685102 0.789046 0.031682 0.064370
2 0.712669 0.726898 0.040151 0.044852
2 0.646547 0.822185 0.008771 0.067574
2 0.571081 0.449630 0.015495 0.065926
2 0.541234 0.501333 0.025281 0.050444
2 0.519414 0.562343 0.020339 0.037556
2 0.510219 0.644000 0.031000 0.017796
2 0.522513 0.703870 0.030995 0.017315
2 0.547581 0.763130 0.020901 0.053741
2 0.605263 0.822727 0.007547 0.071398
2 0.621135 0.437398 0.006167 0.058685
2 0.572740 0.810792 0.018396 0.072713
