3 0.566625 0.603458 0.410365 0.745120
0 0.547786 0.603241 0.216510 0.381111
1 0.553849 0.605185 0.266875 0.441852
2 0.439539 0.610204 0.034068 0.016741
2 0.555688 0.407542 0.006500 0.066269
2 0.634701 0.472750 0.038307 0.061981
2 0.651026 0.550556 0.036510 0.041944
2 0.640609 0.703574 0.037240 0.046667
2 0.450297 0.670542 0.035677 0.018583
2 0.475396 0.731778 0.022083 0.055926
2 0.500302 0.779509 0.018229 0.069537
2 0.532977 0.793241 0.006724 0.072741
2 0.613971 0.767870 0.031307 0.071111
2 0.573349 0.796778 0.006385 0.072815
2 0.473411 0.462875 0.027490 0.062583
2 0.507083 0.432588 0.012062 0.045435
2 0.596307 0.432583 0.015917 0.068593
2 0.662698 0.638634 0.042437 0.024861
2 0.448091 0.524889 0.025078 0.046296
