3 0.587792 0.641296 0.411865 0.717407
0 0.571063 0.678583 0.215833 0.382722
1 0.574693 0.676630 0.287625 0.470630
2 0.454586 0.680940 0.021349 0.011694
2 0.572112 0.482718 0.005568 0.050435
2 0.649948 0.530708 0.034375 0.059194
2 0.669943 0.601972 0.038229 0.050611
2 0.686159 0.693208 0.051286 0.028343
2 0.470406 0.737287 0.035365 0.017500
2 0.498094 0.796199 0.021260 0.052917
2 0.524112 0.843898 0.017578 0.071667
2 0.598669 0.858736 0.008911 0.072935
2 0.663062 0.757190 0.042917 0.046083
2 0.637372 0.822750 0.033828 0.066000
2 0.556115 0.855644 0.006927 0.071694
2 0.468276 0.594944 0.025625 0.043759
2 0.526628 0.504620 0.007214 0.031907
2 0.492568 0.537801 0.025240 0.048750
2 0.609401 0.497917 0.008073 0.049167
