2 0.561174 0.400685 0.007901 0.073352
2 0.599018 0.431917 0.012724 0.062463
0 0.556464 0.583907 0.218490 0.365648
2 0.637859 0.476764 0.038625 0.053843
2 0.509687 0.412778 0.012292 0.066333
2 0.476766 0.460375 0.028969 0.064769
2 0.452625 0.522417 0.025458 0.046815
2 0.443406 0.606301 0.032479 0.014824
2 0.454383 0.667560 0.035995 0.018731
2 0.477367 0.728306 0.023370 0.054648
2 0.502898 0.776153 0.018036 0.069139
2 0.535156 0.788796 0.007875 0.069130
2 0.574953 0.791792 0.007625 0.065861
2 0.615383 0.764509 0.031328 0.070000
2 0.642586 0.700912 0.038318 0.047417
2 0.666187 0.639755 0.048260 0.031231
2 0.651581 0.551681 0.033870 0.041806
3 0.570451 0.601319 0.406307 0.743694
1 0.553721 0.591352 0.277609 0.457926
