3 0.488542 0.659722 0.366667 0.680556
0 0.472396 0.652778 0.259375 0.481481
1 0.476042 0.661574 0.234375 0.408333
2 0.407292 0.528704 0.023958 0.075926
2 0.436719 0.495370 0.009896 0.046296
2 0.482031 0.491204 0.013021 0.067593
2 0.512240 0.507870 0.016146 0.058333
2 0.561198 0.615278 0.049479 0.050926
2 0.553125 0.752778 0.043750 0.050000
2 0.493229 0.825926 0.008333 0.064815
2 0.454427 0.831481 0.008854 0.075926
2 0.425521 0.816667 0.021875 0.068519
2 0.383854 0.716204 0.038542 0.023148
2 0.385677 0.595370 0.023438 0.044444
