3 0.449219 0.696296 0.278646 0.588889
0 0.471094 0.655556 0.252604 0.446296
1 0.469792 0.659722 0.210417 0.384259
2 0.405729 0.527778 0.030208 0.048148
2 0.438542 0.494907 0.012500 0.050926
2 0.485677 0.483796 0.010937 0.062037
2 0.521615 0.505556 0.018229 0.062963
2 0.572135 0.603704 0.036979 0.051852
2 0.550521 0.743519 0.023958 0.031481
2 0.498958 0.829167 0.009375 0.054630
2 0.459375 0.837963 0.010417 0.075926
2 0.426823 0.822685 0.023438 0.069444
2 0.385677 0.716667 0.034896 0.014815
2 0.385937 0.584259 0.023958 0.044444
