3 0.503125 0.650463 0.368750 0.669444
0 0.484635 0.649074 0.269271 0.490741
2 0.418229 0.527315 0.025000 0.056481
1 0.479167 0.663889 0.215625 0.375926
2 0.446875 0.490741 0.014583 0.062963
2 0.493750 0.487037 0.011458 0.057407
2 0.531771 0.489815 0.014583 0.027778
2 0.576042 0.615278 0.035417 0.036111
2 0.564583 0.743981 0.042708 0.062037
2 0.506771 0.827315 0.019792 0.076852
2 0.467187 0.830093 0.010417 0.093519
2 0.435417 0.811111 0.025000 0.074074
2 0.392448 0.713426 0.042188 0.028704
2 0.396875 0.578704 0.023958 0.044444
