3 0.501042 0.665278 0.365625 0.669444
0 0.481771 0.648611 0.265625 0.465741
1 0.479427 0.671296 0.218229 0.388889
2 0.415104 0.536111 0.023958 0.055556
2 0.445312 0.505093 0.011458 0.058333
2 0.489323 0.488889 0.009896 0.059259
2 0.523958 0.507407 0.018750 0.062963
2 0.574219 0.613889 0.045312 0.050000
2 0.562760 0.758333 0.039062 0.050000
2 0.504427 0.833796 0.007812 0.075000
2 0.462500 0.836111 0.008333 0.081481
2 0.435156 0.821759 0.023438 0.067593
2 0.392448 0.724074 0.041146 0.027778
2 0.395052 0.590741 0.028646 0.050000
