3 0.455990 0.682870 0.278646 0.615741
0 0.478385 0.662037 0.246354 0.490741
1 0.475781 0.665741 0.219271 0.425926
2 0.448698 0.497222 0.008854 0.055556
2 0.492969 0.484259 0.011979 0.068519
2 0.528646 0.503704 0.017708 0.061111
2 0.572396 0.615278 0.035417 0.041667
2 0.421094 0.534722 0.020313 0.043519
2 0.393750 0.584722 0.022917 0.041667
2 0.393750 0.714352 0.035417 0.019444
2 0.435417 0.817130 0.018750 0.062037
2 0.463802 0.836574 0.008854 0.080556
2 0.503385 0.825463 0.007812 0.060185
2 0.554167 0.745370 0.021875 0.029630
