3 0.472135 0.686574 0.303646 0.610185
0 0.479948 0.654167 0.241146 0.449074
1 0.486198 0.661111 0.208854 0.374074
2 0.492969 0.485185 0.011979 0.077778
2 0.527083 0.512037 0.018750 0.066667
2 0.577083 0.613889 0.041667 0.044444
2 0.563542 0.754167 0.036458 0.050926
2 0.504687 0.833333 0.011458 0.074074
2 0.465625 0.840278 0.010417 0.078704
2 0.436979 0.817130 0.020833 0.069444
2 0.392448 0.721759 0.036979 0.023148
2 0.393750 0.587037 0.027083 0.055556
2 0.417187 0.533796 0.029167 0.069444
2 0.448698 0.505556 0.008854 0.055556
