3 0.466667 0.664352 0.364583 0.671296
0 0.444792 0.674074 0.264583 0.479630
1 0.447917 0.683333 0.202083 0.390741
2 0.412760 0.511111 0.014063 0.046296
2 0.457552 0.495833 0.009896 0.058333
2 0.492188 0.518981 0.014583 0.063889
2 0.536719 0.625000 0.049479 0.046296
2 0.527083 0.750926 0.037500 0.044444
2 0.468750 0.832407 0.016667 0.061111
2 0.432552 0.844444 0.009896 0.079630
2 0.400781 0.825000 0.021354 0.072222
2 0.360677 0.726852 0.039062 0.027778
2 0.357292 0.593519 0.026042 0.048148
2 0.386719 0.547222 0.019271 0.048148
