3 0.469792 0.693056 0.298958 0.606481
1 0.478906 0.653241 0.210938 0.386111
0 0.477604 0.654630 0.244792 0.472222
2 0.396875 0.587963 0.023958 0.048148
2 0.420052 0.536574 0.024479 0.056481
2 0.448177 0.500926 0.011979 0.044444
2 0.492708 0.491667 0.008333 0.062963
2 0.527604 0.509722 0.015625 0.058333
2 0.395313 0.721759 0.032292 0.026852
2 0.438542 0.819444 0.026042 0.066667
2 0.468490 0.834722 0.007812 0.084259
2 0.504427 0.834722 0.017188 0.065741
2 0.561719 0.752778 0.026562 0.038889
2 0.579948 0.608333 0.019271 0.024074
