3 0.487760 0.659722 0.371354 0.680556
0 0.463021 0.660648 0.266667 0.493519
1 0.467969 0.673148 0.218229 0.374074
2 0.403125 0.536574 0.026042 0.060185
2 0.432292 0.504167 0.011458 0.047222
2 0.475781 0.488426 0.009896 0.060185
2 0.509115 0.506481 0.018229 0.061111
2 0.557031 0.613889 0.045312 0.042593
2 0.547396 0.747685 0.041667 0.043519
2 0.490104 0.829630 0.013542 0.072222
2 0.449740 0.832870 0.010937 0.078704
2 0.421875 0.812500 0.021875 0.062037
2 0.380729 0.718519 0.038542 0.025926
2 0.379948 0.586574 0.025521 0.043519
