3 0.452865 0.673148 0.280729 0.629630
0 0.465365 0.661574 0.251563 0.489815
1 0.467969 0.656481 0.214062 0.394444
2 0.488542 0.470833 0.011458 0.062037
2 0.521615 0.495370 0.017188 0.062963
2 0.563021 0.607870 0.027083 0.019444
2 0.544792 0.727778 0.012500 0.025926
2 0.496094 0.812037 0.015104 0.068519
2 0.457813 0.825000 0.015625 0.083333
2 0.428646 0.804630 0.026042 0.064815
2 0.385937 0.706481 0.038542 0.025926
2 0.392448 0.574537 0.021354 0.047222
2 0.415365 0.525926 0.025521 0.062963
2 0.443750 0.487963 0.013542 0.055556
