3 0.500000 0.656481 0.369792 0.685185
0 0.483333 0.645833 0.265625 0.493519
1 0.482812 0.662037 0.196875 0.361111
2 0.416406 0.526389 0.027604 0.069444
2 0.448177 0.493519 0.015104 0.061111
2 0.493229 0.484259 0.014583 0.070370
2 0.527604 0.505093 0.015625 0.063889
2 0.574479 0.607407 0.044792 0.046296
2 0.563021 0.744444 0.046875 0.055556
2 0.506250 0.827315 0.012500 0.069444
2 0.466146 0.826852 0.011458 0.079630
2 0.435156 0.807407 0.020313 0.070370
2 0.393229 0.712963 0.035417 0.027778
2 0.398958 0.586111 0.020833 0.044444
