2 0.511198 0.587963 0.366146 0.525926
0 0.493750 0.662037 0.266667 0.481481
1 0.497917 0.675463 0.220833 0.406481
2 0.457292 0.504630 0.010417 0.057407
2 0.501823 0.491204 0.010937 0.065741
2 0.533073 0.512500 0.022396 0.069444
2 0.585417 0.618981 0.041667 0.043519
2 0.570573 0.754167 0.045312 0.047222
2 0.512240 0.829630 0.011979 0.044444
2 0.476562 0.834722 0.012500 0.069444
2 0.447396 0.817593 0.019792 0.066667
2 0.406510 0.720833 0.043229 0.023148
2 0.403906 0.592593 0.024479 0.046296
2 0.426302 0.537500 0.030729 0.045370
