3 0.467969 0.666204 0.365104 0.667593
0 0.452865 0.670833 0.256771 0.443519
1 0.446615 0.661111 0.216146 0.392593
2 0.384375 0.549537 0.026042 0.062037
2 0.413802 0.513889 0.010937 0.057407
2 0.456771 0.501389 0.008333 0.056481
2 0.491927 0.519444 0.015104 0.062963
2 0.542708 0.624537 0.045833 0.045370
2 0.529948 0.764352 0.044271 0.047222
2 0.469010 0.835648 0.015104 0.060185
2 0.433594 0.846296 0.011979 0.083333
2 0.404167 0.825000 0.015625 0.062963
2 0.361198 0.731019 0.044271 0.028704
2 0.368229 0.604630 0.030208 0.057407
