3 0.490104 0.657870 0.367708 0.682407
0 0.471615 0.652315 0.260937 0.462037
1 0.469271 0.669444 0.218750 0.381481
2 0.567708 0.609259 0.041667 0.038889
2 0.555729 0.745833 0.042708 0.047222
2 0.495312 0.825926 0.010417 0.061111
2 0.456771 0.823611 0.008333 0.073148
2 0.427083 0.805556 0.021875 0.066667
2 0.385937 0.711574 0.038542 0.023148
2 0.390104 0.586111 0.025000 0.050000
2 0.415365 0.537963 0.022396 0.044444
2 0.440104 0.496296 0.014583 0.046296
2 0.484896 0.479630 0.012500 0.070370
2 0.516667 0.498611 0.023958 0.062037
