3 0.513802 0.639815 0.363021 0.675926
0 0.498698 0.640741 0.268229 0.468519
1 0.494792 0.652315 0.230208 0.406481
2 0.437760 0.514352 0.023438 0.071296
2 0.413802 0.572685 0.021354 0.052778
2 0.405469 0.692593 0.041146 0.025926
2 0.448437 0.798148 0.028125 0.074074
2 0.476823 0.816667 0.013021 0.087037
2 0.515104 0.810648 0.019792 0.067593
2 0.577604 0.735648 0.045833 0.050926
2 0.591927 0.595833 0.040104 0.049074
2 0.542969 0.501389 0.019271 0.050926
2 0.509635 0.472222 0.010937 0.062963
2 0.465104 0.483333 0.010417 0.046296
