3 0.491927 0.649537 0.363021 0.667593
0 0.472135 0.646759 0.268229 0.456481
1 0.472135 0.648611 0.222396 0.382407
2 0.409635 0.526852 0.024479 0.061111
2 0.435156 0.493056 0.013021 0.060185
2 0.482292 0.480556 0.010417 0.061111
2 0.513542 0.500000 0.012500 0.053704
2 0.564063 0.604630 0.044792 0.035185
2 0.555729 0.749074 0.045833 0.055556
2 0.494531 0.815278 0.019271 0.062037
2 0.455729 0.824074 0.011458 0.083333
2 0.423958 0.806481 0.020833 0.072222
2 0.383073 0.711111 0.042188 0.020370
2 0.383073 0.579630 0.028646 0.048148
