3 0.517188 0.648148 0.362500 0.668519
0 0.497396 0.643981 0.266667 0.478704
1 0.499479 0.653241 0.213542 0.386111
2 0.429688 0.529630 0.035417 0.070370
2 0.462760 0.497222 0.009896 0.050000
2 0.505990 0.482870 0.013021 0.065741
2 0.538281 0.509722 0.009896 0.036111
2 0.407031 0.577315 0.027604 0.043519
2 0.410417 0.711574 0.036458 0.030556
2 0.455729 0.806944 0.021875 0.063889
2 0.482552 0.827778 0.013021 0.079630
2 0.519271 0.817593 0.012500 0.053704
2 0.577865 0.741667 0.045312 0.048148
2 0.590885 0.600463 0.047396 0.052778
