3 0.499740 0.631481 0.358854 0.675926
0 0.484375 0.622222 0.255208 0.477778
1 0.481250 0.626852 0.213542 0.383333
2 0.404167 0.558333 0.029167 0.059259
2 0.395573 0.681944 0.029687 0.026852
2 0.440885 0.781481 0.022396 0.070370
2 0.468229 0.797685 0.014583 0.093519
2 0.504948 0.792593 0.014063 0.064815
2 0.565104 0.713426 0.046875 0.058333
2 0.584115 0.578241 0.049479 0.047222
2 0.426042 0.495370 0.017708 0.064815
2 0.454167 0.467593 0.009375 0.055556
2 0.498437 0.462500 0.012500 0.063889
2 0.532031 0.484722 0.013021 0.041667
